experiments/figures/1000.asc
NCOLS 101
NROWS 101
XLLCORNER 0
YLLCORNER 0
CELLSIZE 0.990099
NODATA_VALUE NaN
[rows 46 to 68 of 101, columns 0 to 51 of 101]
4.1800684236 4.1800684236 4.1800684236 4.1800684236 4.1297379606 4.1508615539 4.1642129184 4.1755295296 4.1780322864 4.1589010689 4.1294672364 4.1797905821 4.1625517688 4.1362867833 4.1773821044 4.1498793031 4.1579298171 4.1800082123 4.1799414084 4.1679713849 4.1800682029 4.1757122177 4.1263818125 4.113190199 4.0943616093 4.1081810796 4.1538881034 4.1520391827 4.1556539114 4.156114276 4.1598365955 4.1507906509 4.1455247969 4.0905715594 4.1654382525 4.1640883133 4.1451665921 4.1132196047 4.1079131848 4.1310687291 4.155598788 4.1555294855 4.1669768169 4.1649796417 4.1660482263 4.1796808421 4.1791381935 4.1789729775 4.1800684236 4.1800684236 4.1800684236 4.1800684236
4.1800684236 4.1800684236 4.1800684236 4.1800684236 4.1790388527 4.15107234 4.1696139319 4.1730192535 4.1789573006 4.1595645847 4.1629914518 4.1701127076 4.1720587433 4.1451297149 4.1576448231 4.1591430479 4.1799401975 4.1534246902 4.1760734252 4.1728439238 4.1720029449 4.1554138284 4.1423424213 4.15909378 4.0996928447 4.0952696632 4.1507071586 4.1363215675 4.1641727015 4.1620691982 4.1680722851 4.17034865 4.1587326931 4.158087519 4.1280120243 4.1612929776 4.1458496443 4.09122684 4.0892294695 4.131875743 4.1800152013 4.1585229009 4.1800042948 4.178492264 4.1788155128 4.1789544674 4.1788788101 4.1793980742 4.1799651041 4.1800042701 4.1800684236 4.1800684236
4.1800684236 4.1800684236 4.1582348345 4.1357452441 4.1798499222 4.1756983704 4.1726927002 4.1737350038 4.1799533603 4.1784788588 4.1750645684 4.1687525539 4.1726745658 4.1505305595 4.1602149747 4.1770125188 4.1692072998 4.1593512481 4.1647532618 4.1695653221 4.1585467279 4.1442420925 4.1566513897 4.1626814026 4.160739133 4.135967138 4.1598270148 4.143920056 4.1151982407 4.1568684448 4.1548201021 4.1630127375 4.1410906641 4.1676925473 4.1110248906 4.1100606539 4.1318579786 4.0761609376 4.1081810967 4.149743979 4.1651988198 4.168990608 4.1780682497 4.1768793765 4.1768915012 4.1772142236 4.1782430781 4.1763089601 4.1781837385 4.1800684236 4.1800684236 4.1800684236
4.1800684236 4.1800684236 4.1504543501 4.0780282744 4.0861887725 4.1414513219 4.1750624546 4.1798960467 4.1796869006 4.1783396567 4.1741282691 4.1539204215 4.152487213 4.1746350308 4.178771159 4.1775089254 4.1729465968 4.1470287546 4.1560236417 4.1731136752 4.1670169609 4.1729613581 4.1547322481 4.1405793856 4.1430144606 4.145204181 4.1280993364 4.1305586209 4.157443529 4.1245306228 4.1064883907 4.1085676507 4.1282216937 4.1031557052 4.1314279244 4.1143911566 4.0996471885 4.0834571639 4.1421069378 4.1015527973 4.1481863008 4.1640246708 4.1658801313 4.177285648 4.1788163724 4.1734586299 4.1662068572 4.1589722069 4.1508495966 4.129316777 4.1303912975 4.1800684236
4.1800684236 4.1800684236 4.1800684236 4.1796174537 4.124407055 4.169567062 4.174463571 4.1800654463 4.1787173065 4.1763551903 4.1519976334 4.1350719075 4.1595973657 4.1766434286 4.1579763459 4.1138944887 4.1523637752 4.1482510772 4.1695358902 4.1570981485 4.1705267966 4.1763073077 4.1243573264 4.1266978147 4.1509477604 4.1130449532 4.1039079422 4.1283559134 4.1512769109 4.1416777827 4.0944972447 4.1044920745 4.1376473135 4.1407909754 4.0948984054 4.1584147782 4.0545464533 4.1300200617 4.1215528873 4.1562326052 4.1484325787 4.1707031415 4.1623697691 4.163403784 4.1793888758 4.1789550227 4.1454896365 4.1181681064 4.1264766264 4.1312087185 4.1535985411 4.1020080589
4.1800684236 4.1800684236 4.1800684236 4.1800684236 4.1800684236 4.0771358356 4.1393467391 4.158968469 4.1705353556 4.1654473347 4.1597298554 4.1600593477 4.1733192633 4.1788024688 4.1573161605 4.1611768341 4.0945547906 4.133356406 4.1417496122 4.1611222172 4.1555214616 4.1086145137 4.1164838216 4.1195718307 4.1140369697 4.1206472422 4.130642129 4.1107690516 4.1154908611 4.1291945583 4.0855043033 4.0888023836 4.1146744646 4.0870436011 4.0499219557 4.1368230879 4.1193975578 4.0676354881 4.140893318 4.1358031052 4.1352921152 4.1290779726 4.0946750975 4.1407240422 4.1749321366 4.1750777682 4.1598604517 4.0836542254 4.1430906386 4.1241672721 4.1766605632 4.0880960223
4.1800684236 4.1800684236 4.1800684236 4.1800684236 4.1761316289 4.1723813266 4.1493564995 4.1537737556 4.1633949481 4.1680071608 4.157321555 4.1753939795 4.170153965 4.1784775353 4.178148323 4.1793747338 4.1794630079 4.1587344398 4.1536097038 4.1320319144 4.1387217247 4.1415402456 4.087333251 4.1108653813 4.0942414723 4.168302686 4.1159986932 4.0961391014 4.1116890078 4.1081259677 4.0991474566 4.0996910178 4.1089332475 4.0614150674 4.0470822464 4.0709449991 4.0912084615 4.1477709119 4.1407564031 4.1408535881 4.128305925 4.089412774 4.1182982613 4.0948135333 4.15454286 4.1728618761 4.1686963263 4.0998995142 4.1290031877 4.1675678724 4.1448501463 4.1732244581
4.1800684236 4.1796176926 4.1796743096 4.1800684236 4.1797694061 4.1799015324 4.167505493 4.1773100131 4.1758679373 4.1718156301 4.1569237456 4.1431121434 4.1586311835 4.1588279181 4.180063451 4.1759303876 4.1755036159 4.1651094419 4.1431991798 4.1121827807 4.1411046277 4.1517218718 4.1544349507 4.1288244144 4.1319594831 4.1423545844 4.1070676428 4.0691731827 4.1174106999 4.0707882302 4.1045809668 4.073149041 4.0805990204 4.1038942833 4.1154053472 4.0979697907 4.1505317406 4.1588564505 4.1750093312 4.1190096808 4.0993253044 4.1594680838 4.1373721611 3.980790009 4.1649070195 4.1639192421 4.1647612352 4.1789199768 4.1311630215 4.1362038626 4.1457619571 4.1306340136
4.1800684236 4.1795542541 4.1800684236 4.1797246948 4.1800684236 4.1800684236 4.1800684236 4.1758945774 4.16859029 4.1654179468 4.1700441715 4.1433984461 4.1717505773 4.1655705241 4.1800684236 4.1767655003 4.1736988417 4.1800684236 4.1672323349 4.1498999401 4.1793867502 4.1792777304 4.1670274818 4.1447959961 4.1287252654 4.141426081 4.1176894519 4.043327458 4.0840353779 4.1068086108 4.0878322071 4.0485204376 4.0869809485 4.0783021123 4.1097375738 4.1506298768 4.1381070943 4.1531860399 4.1790650388 4.1469945644 4.1158184312 4.0995857714 4.0307614513 4.0617295772 4.1052526503 4.1615776236 4.1798774538 4.1798927648 4.1783958068 4.1740984963 4.1255175478 4.1081693608
4.1800684236 4.1800684236 4.1794833749 4.1800684236 4.1800684236 4.1800684236 4.1772923467 4.1747364756 4.1662018283 4.1577041793 4.1798076259 4.1792013053 4.1638843049 4.160889862 4.1800684236 4.1800684236 4.1770533974 4.1761424628 4.1758004812 4.1800684236 4.1750578335 4.1790968019 4.1594558775 4.1494364859 4.1718689145 4.1410578853 4.0842704767 4.0487483232 4.0730325705 4.1039697752 4.1034936836 4.0454702241 4.1181269257 4.0925473199 4.0841959049 4.1367977441 4.1439454968 4.1328941556 4.1529147774 4.1705726057 4.1091185649 4.0670740324 4.032125838 4.0313112151 4.1486289237 4.1578494928 4.1634177872 4.1624478418 4.1800660707 4.1791110819 4.1800387351 4.1529753418
4.1800684236 4.1800684236 4.1794044072 4.179316678 4.1800684236 4.1789938698 4.1788639646 4.1782131453 4.1750690039 4.1800684236 4.1784135359 4.1625321649 4.1177293277 4.1800684236 4.1800684236 4.1800684236 4.1800684236 4.1800684236 4.1789788026 4.1800684236 4.1800684236 4.1704934923 4.1674281071 4.164367252 4.1435806435 4.1135251254 4.0547661216 3.9550394203 4.0558204283 4.0356639853 4.099087202 4.0575090598 4.0742523361 4.1331734273 4.0714351719 4.0622764262 4.074113527 4.0896076422 4.1370443429 4.1477844783 4.1708521492 4.0068115261 3.9297019339 4.079043898 4.1691793752 4.1220001392 4.1020678652 4.1449077401 4.1614611626 4.1798923219 4.1445785135 4.1371676483
4.1800684236 4.1800684236 4.1800684236 4.1792194912 4.1791121318 4.1800684236 4.177042106 4.1767755093 4.1800684236 4.1685266385 4.1308503387 4.1200603859 4.1800684236 4.1582742129 4.1800684236 4.1800684236 4.1800684236 4.1791137315 4.1800684236 4.1717317848 4.165852885 4.1752285041 4.1520884218 4.1444217755 4.105030254 4.0755559914 4.0684148218 3.9929346797 4.0084039142 4.0699373049 4.0761419801 4.0399216425 4.145030241 4.0810685882 4.0604189254 4.1366712866 4.069714715 4.0585579185 4.0939314051 4.1071796572 4.0479679574 3.9332026867 3.9624174133 4.0684533965 4.1229970194 4.1297138319 4.1336134246 4.1159891282 4.1629546446 4.1329382154 4.1028569349 4.0797432438
4.1800684236 4.1800684236 4.1800684236 4.1800684236 4.1800684236 4.1800684236 4.174875678 4.1759592745 4.1800684236 4.1702904781 4.1462379402 4.1219487755 4.1139381684 4.1412239422 4.1800684236 4.1755596929 4.1737321727 4.1800684236 4.1778298834 4.1688878086 4.1598231741 4.1713677343 4.1219363451 4.1362187646 4.1010068325 4.1254369575 4.1131050273 4.1038380248 4.0803693703 4.0631272915 4.0838348674 4.080370146 4.045682116 4.079420607 4.0611274094 4.0913166114 4.1023772496 4.1078134409 4.0970834153 4.1359327537 4.1435453657 4.0926135919 4.0276878134 4.0700550919 4.1706314379 4.0867894116 4.1099037632 4.1178854391 4.1281531749 4.1426090446 4.1369020056 4.1769357973
4.1800684236 4.1800684236 4.1800684236 4.1800684236 4.1800684236 4.1800684236 4.1800684236 4.1738722848 4.1754968302 4.1674815275 4.1710999608 4.1478617157 4.1800684236 4.1763239083 4.1759539731 4.1800684236 4.1751406478 4.1726400301 4.17944057 4.1758767272 4.1645710465 4.1224982094 4.0757178303 4.1306294931 4.0974037063 4.1093668021 4.1212365397 4.0790571802 4.0903216992 4.0774197864 4.1029813069 4.1378667109 4.0653861018 4.097342799 4.1048085606 4.1047605167 4.1297467926 4.1196249123 4.1114228663 4.1405118059 4.1358733908 4.1217569013 4.0937546363 4.1429595725 4.1584037589 4.1316423156 4.0531956243 4.109642626 4.0707481363 4.1632338895 4.1232171111 4.1013551621
4.1800684236 4.1800684236 4.1800684236 4.1800684236 4.1800684236 4.1800684236 4.1800684236 4.1800684236 4.1676072297 4.1718620199 4.1800684236 4.1800684236 4.1800684236 4.1800684236 4.1744278596 4.1769927624 4.1491663426 4.1746965077 4.1795266789 4.1711414908 4.1737700409 4.1115916397 4.1572310688 4.1528043323 4.113752454 4.1173281791 4.1502280586 4.1047450869 4.1021089707 4.0892814876 4.0038570039 3.9784920833 3.9973530702 4.0698831716 4.1015199581 4.161018255 4.0918637015 4.1562856862 4.1407161351 4.1637471085 4.1338692901 4.12205897 4.1296596274 4.1484863263 4.1711080374 4.1365162012 4.0920964594 4.0228612609 4.09071374 4.0692792775 4.1672753347 4.1726253945
4.1800684236 4.1800684236 4.1800684236 4.1800684236 4.1800684236 4.1800684236 4.1800684236 4.1800684236 4.1800684236 4.1800684236 4.1800684236 4.1800684236 4.1800684236 4.1775713779 4.1772930078 4.1484509715 4.1644686787 4.1655027248 4.1800684236 4.1796028811 4.1781622578 4.1729434127 4.1444292371 4.1587272934 4.1800684236 4.1375505251 4.1180376601 4.0816318713 4.0865213761 4.1304573324 4.1255399317 3.9780121473 4.0218613251 4.0576439461 4.0776930068 4.0826513633 4.1170376547 4.1090901698 4.1072133557 4.1543286029 4.1668266175 4.1466782747 4.1643836913 4.1151570242 4.1472140116 4.1347589783 4.1682765961 4.0963778505 4.1142873875 4.1606036718 4.1131057616 4.1582822284
4.1800684236 4.1800684236 4.1800684236 4.1800684236 4.1800684236 4.1800684236 4.1800684236 4.1800684236 4.1800684236 4.1800684236 4.1800684236 4.1800684236 4.1800684236 4.1800684236 4.1681116884 4.1561489898 4.1329164932 4.1800684236 4.1800684236 4.1697387453 4.1800684236 4.1406775546 4.1596935282 4.1725801566 4.1738533024 4.1569390812 4.1362414142 4.1388176241 4.1455918274 4.1649328199 4.1583388756 4.1277187855 4.0951597648 4.0871799485 4.0884591776 4.123769017 4.0817837255 4.0565935721 4.1021479996 4.1515836043 4.1676941167 4.1501018426 4.1067522227 4.137162882 4.0988390546 4.155125007 4.1505350053 4.108898677 4.1586231886 4.176557005 4.1185275912 4.1752756845
4.1800684236 4.1800684236 4.1800684236 4.1800684236 4.1800684236 4.1800684236 4.1800684236 4.1800684236 4.1800684236 4.1800684236 4.1800684236 4.1800684236 4.1800684236 4.1800684236 4.1706414845 4.1691410931 4.1800684236 4.1629546034 4.1703987338 4.1800684236 4.1606382379 4.1528583832 4.1800684236 4.1493003271 4.1742573785 4.1793008327 4.1688775697 4.1500156984 4.1557962493 4.1584230608 4.1626048551 4.1414635407 4.1465804308 4.1024157925 4.1388529883 4.1200650895 4.1026435791 4.1430969218 4.0700354164 4.1315150641 4.1073129736 4.1589697968 4.1055248516 4.1289769501 4.1138111906 4.1437595501 4.162600172 4.1415113184 4.1648252335 4.1136170916 4.1775817978 4.1776310599
4.1800684236 4.1800684236 4.1800684236 4.1800684236 4.1800684236 4.1800684236 4.1800684236 4.1800684236 4.1800684236 4.1800684236 4.1800684236 4.1800684236 4.1800684236 4.1800684236 4.1606965219 4.1701482875 4.1800684236 4.1800684236 4.1745939132 4.1669579844 4.1800684236 4.1685087903 4.1565142713 4.1800684236 4.1800684236 4.1778249765 4.1518718474 4.1263836565 4.1564210857 4.1670073012 4.1729580007 4.1702705106 4.1707235071 4.1520888079 4.11313923 4.1094026939 4.094565053 4.0621917008 4.128238237 4.1524936659 4.1097106557 4.1519797243 4.1045820559 4.1134504648 4.1529449023 4.1425943997 4.1395115543 4.1669166724 4.1530788375 4.1697425891 4.1759360422 4.1787223674
4.1800684236 4.1800684236 4.1800684236 4.1800684236 4.1800684236 4.1800684236 4.1800684236 4.1800684236 4.1800684236 4.1800684236 4.1800684236 4.1800684236 4.1800684236 4.1800684236 4.1800684236 4.1716014502 4.1800684236 4.1682064563 4.1579509268 4.1800684236 4.1730987554 4.1571536384 4.1707127642 4.1800684236 4.1776060049 4.1511483264 4.1117344122 4.1554854294 4.1662203342 4.1608540149 4.1800684236 4.1800684236 4.1800547432 4.145636177 4.1304007949 4.070876241 4.1569269469 4.1385725588 4.112921516 4.1321304309 4.1576448705 4.0983804615 4.0969487819 4.1538303292 4.1541324123 4.1536026141 4.1391358616 4.1737444308 4.1425332288 4.1604429792 4.1690973207 4.1714104266
4.1800684236 4.1800684236 4.1800684236 4.1800684236 4.1800684236 4.1800684236 4.1800684236 4.1800684236 4.1800684236 4.1800684236 4.1800684236 4.1800684236 4.1800684236 4.1800684236 4.1800684236 4.1720663644 4.1725200844 4.1800684236 4.1800684236 4.1738053109 4.1800684236 4.1625719881 4.1372542389 4.1800684236 4.1749635442 4.0964175026 4.1336504733 4.1499466615 4.1634157325 4.1714584787 4.1621120082 4.1728920536 4.1784516792 4.1446730706 4.1176768735 4.1405478465 4.1432312505 4.1443823088 4.1259163605 4.1401954629 4.1540233412 4.1240674862 4.1587326056 4.1642378772 4.1500757937 4.1393385131 4.1603125522 4.1554726292 4.1360338574 4.1223354053 4.1638059519 4.172364163
4.1800684236 4.1800684236 4.1800684236 4.1800684236 4.1800684236 4.1800684236 4.1800684236 4.1800684236 4.1800684236 4.1800684236 4.1800684236 4.1800684236 4.1800684236 4.1800684236 4.1800684236 4.1800684236 4.1800684236 4.1800684236 4.1800684236 4.1671582207 4.1552717781 4.1552594738 4.1645688671 4.1665592283 4.1640812467 4.1116145454 4.1064823048 4.1048133718 4.1800684236 4.1758117735 4.17545103 4.1737623555 4.1541507938 4.1439895716 4.155744313 4.1616761421 4.1370756073 4.1141408739 4.1470891486 4.1378316192 4.1646665718 4.0921748592 4.0951479572 4.1637803791 4.1752536243 4.1639895039 4.1399865403 4.1753115455 4.156715155 4.1343601936 4.1550559164 4.1783986282
4.1800684236 4.1800684236 4.1800684236 4.1800684236 4.1800684236 4.1800684236 4.1800684236 4.1800684236 4.1800684236 4.1800684236 4.1800684236 4.1800684236 4.1800684236 4.1800684236 4.1800684236 4.1800684236 4.1800684236 4.1800684236 4.1800684236 4.1676779417 4.1666374597 4.1537314001 4.1800684236 4.1800684236 4.1228123555 4.1151161609 4.07348844 4.1301564713 4.1800684236 4.1800684236 4.1800684236 4.1634534291 4.140459362 4.1723828585 4.16535168 4.1554849826 4.1389414921 4.1147748893 4.1307604491 4.1411017803 4.1078778302 4.1134630457 4.1318388079 4.1322741942 4.1442808577 4.1593106947 4.1732201168 4.1312093075 4.1365503636 4.1565720431 4.1752246453 4.1800684236
