experiments/figures/15000.asc
NCOLS 101
NROWS 101
XLLCORNER 0
YLLCORNER 0
CELLSIZE 0.990099
NODATA_VALUE NaN
[rows 23 to 45 of 101, columns 0 to 51 of 101]
0.1095584192 0.1221575193 0.1278588962 0.1224778813 0.1214152437 0.1246688549 0.1280671544 0.1297244473 0.1311484035 0.1311498457 0.1346695535 0.1351376037 0.1327228716 0.1231368662 0.1328964436 0.1352072276 0.1352072276 0.1352072276 0.1352072276 0.1352072276 0.1352072276 0.1352072276 0.1352072276 0.1352072276 0.1352072276 0.1352072276 0.1307684826 0.1244683608 0.1303526877 0.1240219022 0.1313201588 0.1275927587 0.1169818042 0.1293511088 0.1284746867 0.1344200847 0.1352072276 0.1352072276 0.1352072276 0.1352072276 0.1352072276 0.1352072276 0.1352072276 0.1352072276 0.1352072276 0.1352072276 0.1352072276 0.1352072276 0.1352072276 0.1352072276 0.13415651 0.1352072276
0.127230951 0.112988505 0.1197563095 0.1171175227 0.1222530514 0.1252519997 0.1284431638 0.1253004393 0.1347417052 0.1331013358 0.134915243 0.1337065432 0.1350799268 0.1278194451 0.1226792746 0.1307829482 0.1341856069 0.1352072276 0.1352072276 0.1352072276 0.1352072276 0.1352072276 0.1352072276 0.1352072276 0.1352072276 0.130765087 0.13259248 0.1246057596 0.1192639447 0.1198471664 0.1306046311 0.1352072276 0.130889322 0.1318240888 0.1291417659 0.1307485277 0.1343636534 0.1352072276 0.1352072276 0.1352072276 0.1352072276 0.1352072276 0.1352072276 0.1352072276 0.1352072276 0.1352072276 0.1352072276 0.1352072276 0.1352072276 0.1352072276 0.1352072276 0.1341408079
0.1212894578 0.1203103058 0.1096973393 0.1170692113 0.1279877586 0.1296674062 0.1224192909 0.1341109043 0.132675434 0.1348464501 0.1332765259 0.131054743 0.1214557952 0.1314401867 0.1228032462 0.1312205648 0.127111909 0.1296227659 0.1352072276 0.1352072276 0.1352072276 0.1352072276 0.1352072276 0.1308859696 0.130946854 0.1300214738 0.1259561498 0.125335115 0.1276982427 0.1182369761 0.1278129943 0.1285545027 0.1319496341 0.1347162115 0.1342815449 0.1352072276 0.1343048201 0.1352072276 0.1341799903 0.1352072276 0.1352072276 0.1352072276 0.1352072276 0.1352072276 0.1352072276 0.1352072276 0.1352072276 0.1352072276 0.1352072276 0.1352072276 0.1352072276 0.1329488667
0.1300655342 0.1213817466 0.1283976855 0.1251858931 0.1278253927 0.1291115562 0.1315513368 0.1283289435 0.1308518278 0.1296359746 0.1312706028 0.1282465158 0.1303754056 0.1197778398 0.1296319141 0.1227465001 0.1282213831 0.1332780491 0.1331547068 0.1312711648 0.1275492525 0.1352072276 0.1352072276 0.1222757112 0.1264845423 0.1275373768 0.1352072276 0.1258140003 0.1303312291 0.1171366809 0.1281547907 0.1245145952 0.128668386 0.1317331916 0.1352072276 0.1350313776 0.1352072276 0.1342435941 0.1352072276 0.1352072276 0.1352072276 0.1352072276 0.1352072276 0.1352072276 0.1352072276 0.1352072276 0.1352072276 0.1352072276 0.1352072276 0.1352072276 0.134091912 0.1352072276
0.1228647842 0.1244575049 0.1277078823 0.1327229296 0.1325412497 0.1304636529 0.1275043521 0.1303520407 0.1264174803 0.1317683627 0.1324598597 0.1297820049 0.1273943288 0.1344240145 0.124750158 0.1304157848 0.1279165878 0.1263604775 0.1306352814 0.1223644425 0.1311229054 0.127441593 0.1352072276 0.1237148824 0.1297859463 0.1344270659 0.1324181646 0.1322744295 0.1204084863 0.1295011783 0.1324824124 0.1235643619 0.1253157435 0.1319765275 0.1318228992 0.1352072276 0.1350496839 0.1352072276 0.1352072276 0.1352072276 0.1352072276 0.1352072276 0.1352072276 0.1352072276 0.1352072276 0.1352072276 0.1352072276 0.1352072276 0.1352072276 0.1352072276 0.1352072276 0.1352072276
0.1268410413 0.1224813468 0.1223506551 0.1281596717 0.125063687 0.1235859654 0.1236919956 0.1306615431 0.1217416509 0.1288356783 0.1301452337 0.1206380786 0.1313550398 0.1336078283 0.1241395794 0.1253322464 0.119892321 0.1277395256 0.1204470454 0.1202962534 0.1260464382 0.1352072276 0.1310715578 0.1352072276 0.1332791518 0.1336487144 0.129404703 0.1266371696 0.1351941001 0.1283595485 0.1306845968 0.1308997181 0.1320545603 0.128462406 0.1350079973 0.1350664652 0.1352072276 0.1352072276 0.1352072276 0.1352072276 0.1352072276 0.1352072276 0.1352072276 0.1352072276 0.1352072276 0.1352072276 0.1352072276 0.1352072276 0.1352072276 0.1352072276 0.1352072276 0.1352072276
0.1247476953 0.1343399946 0.1285448464 0.1294799064 0.126570423 0.1211396347 0.128404587 0.1219064964 0.126064607 0.1238238002 0.115324581 0.1142996181 0.1326345646 0.1321118336 0.1240797491 0.1162139197 0.1188543177 0.1169519393 0.1227214461 0.1297379676 0.1346812379 0.1346666359 0.1292603588 0.1251118944 0.1339497542 0.1334293935 0.1314256688 0.1308094415 0.1351961456 0.1312832472 0.1287105332 0.1335265263 0.133560594 0.1315320625 0.1314105983 0.1352072276 0.1330779268 0.1352072276 0.1352072276 0.1352072276 0.1352072276 0.1352072276 0.1352072276 0.1352072276 0.1352072276 0.1352072276 0.1352072276 0.1352072276 0.1352072276 0.1352072276 0.1352072276 0.1352072276
0.1333988944 0.134661264 0.13124234 0.1257800773 0.1243007496 0.1165527154 0.130527638 0.1321009571 0.1278608012 0.1240809131 0.1139843811 0.1112913865 0.1217334753 0.1261966543 0.1151015729 0.1234031026 0.1270915796 0.1230108493 0.1217370345 0.1352072276 0.13015668 0.1318864945 0.1317941332 0.1312671533 0.125354925 0.1315456834 0.132734503 0.1320038404 0.1319356163 0.1351979064 0.1352072276 0.133636772 0.1351397287 0.1316505049 0.1316712488 0.1352072276 0.1329895794 0.1352072276 0.1352072276 0.1352072276 0.1352072276 0.1352072276 0.1352072276 0.1352072276 0.1352072276 0.1352072276 0.1352072276 0.1352072276 0.1352072276 0.1352072276 0.1352072276 0.1352072276
0.1324717256 0.1333344382 0.1319185788 0.1266546125 0.1246869828 0.1287853017 0.1301409402 0.134529449 0.1272947769 0.12433172 0.1249014298 0.1147650495 0.1079864052 0.1026115726 0.1102699567 0.1310302913 0.128649211 0.1249034998 0.1171876254 0.1223720058 0.1236172792 0.1254963728 0.1279663853 0.1319322731 0.1330816942 0.122715427 0.1296932944 0.135190144 0.1351699747 0.1351644521 0.1351372773 0.1350778027 0.1351391159 0.1351735481 0.1317180344 0.1352072276 0.1320349824 0.132901828 0.1352072276 0.1352072276 0.1352072276 0.1352072276 0.1352072276 0.1352072276 0.1352072276 0.1352072276 0.1352072276 0.1352072276 0.1352072276 0.1352072276 0.1352072276 0.1352072276
0.1298812867 0.1267044768 0.129986603 0.1197517654 0.12365943 0.1054270395 0.1148857833 0.1040087263 0.1220554541 0.1277176931 0.1260878337 0.11718403 0.1186223586 0.108352616 0.1046919793 0.1149711913 0.1254385444 0.1210124535 0.1135265759 0.1289829328 0.1266587486 0.1191781863 0.1265344702 0.1279014921 0.128681028 0.1243542698 0.1264223839 0.1335961876 0.1351421953 0.1351162288 0.1351599429 0.1351341533 0.1351556314 0.1352072276 0.1344414506 0.1310077667 0.1321087133 0.1352072276 0.1329037654 0.1352072276 0.1335179277 0.1352072276 0.1352072276 0.1352072276 0.1352072276 0.1352072276 0.1352072276 0.1352072276 0.1352072276 0.1352072276 0.1352072276 0.1352072276
0.1281455399 0.1265051938 0.1061465186 0.122323047 0.1050191263 0.1149959563 0.1110689998 0.1007398917 0.1166462335 0.1285965682 0.1092454592 0.1211323328 0.1287196597 0.125069806 0.1188638866 0.1268728374 0.1132474216 0.1080465032 0.1075756913 0.1271812413 0.1264370842 0.1099701661 0.1227600964 0.1184799825 0.1252273077 0.1304689551 0.1326839805 0.1351803749 0.1350969706 0.1352018149 0.135092326 0.1350536145 0.1352066138 0.1344567625 0.1306882491 0.131464036 0.1295815096 0.1327258619 0.1352072276 0.1352035184 0.1331512679 0.1314059137 0.1352072276 0.1352072276 0.1352072276 0.1352072276 0.1352072276 0.1352072276 0.1352072276 0.1352072276 0.1352072276 0.1352072276
0.1288277833 0.1227095958 0.1236776109 0.115756432 0.1222649346 0.1161211747 0.1136992857 0.1171198249 0.1214998137 0.1135371948 0.1266748035 0.1198455001 0.1289516543 0.1239793388 0.1226231963 0.1273985152 0.1198582602 0.1006239039 0.1136578898 0.1068392322 0.1195758828 0.110356605 0.1159433596 0.1242036285 0.1346227329 0.1296884159 0.1313951541 0.1351046877 0.135204421 0.1351969302 0.1351604768 0.1351961538 0.135112996 0.1351061918 0.1308705714 0.1318346822 0.1290355778 0.1352072276 0.1352072276 0.1352007026 0.1352018011 0.1312305022 0.1352072276 0.1352072276 0.1352072276 0.1352072276 0.1352072276 0.1352072276 0.1352072276 0.1352072276 0.1352072276 0.1352072276
0.1326313106 0.1306977143 0.1350658729 0.1229320452 0.1177659579 0.1122648729 0.1146744726 0.1240536862 0.1257135196 0.1191992785 0.1147931156 0.1147764414 0.1144674848 0.1201426647 0.1142252956 0.1142175508 0.1285452243 0.1279112664 0.1216535094 0.1218251468 0.1201824603 0.1161524725 0.1206961557 0.1332423013 0.1278376422 0.1340717765 0.1342959955 0.1341983742 0.1351994103 0.1352006955 0.1323091501 0.1352020858 0.135204331 0.1350957291 0.1343479178 0.1324086398 0.1311573445 0.1352072276 0.1352072276 0.1352072276 0.1352072276 0.1330788522 0.1352072276 0.1326397801 0.1320517537 0.1352072276 0.1352072276 0.1352072276 0.1352072276 0.1352072276 0.1352072276 0.1352072276
0.1285874463 0.1300132753 0.1297507675 0.1282054747 0.1224489805 0.1160024995 0.121503146 0.1264519866 0.1182882317 0.1129439408 0.1050649996 0.1099806221 0.1231663951 0.1107162962 0.1175028469 0.1174954814 0.1217728999 0.1200669409 0.1164750775 0.1094997207 0.1182976019 0.1223397795 0.1234755205 0.1231221045 0.1318878794 0.1279072258 0.1322532254 0.1338183398 0.1352004853 0.1352028441 0.124138888 0.1272388152 0.1330815223 0.1352072276 0.1352065437 0.1345325505 0.1345774127 0.1339924688 0.1346070915 0.1352072276 0.1352072276 0.1352072276 0.1329003927 0.1248305245 0.1352072276 0.1272396425 0.1292397908 0.1352072276 0.1352072276 0.1352072276 0.1352072276 0.1352072276
0.1253654192 0.1244630613 0.1262229741 0.1193667921 0.1101436524 0.125207676 0.1213337007 0.1158492424 0.1026127593 0.1109914493 0.1077458949 0.1195650037 0.1137532053 0.1071028643 0.0893397051 0.0984672236 0.1192816992 0.1101616556 0.1068655126 0.1111347059 0.1122799845 0.1123167731 0.115588339 0.1133299136 0.1272452546 0.1336717754 0.1324248171 0.1344454738 0.1316016968 0.1352007828 0.1274977643 0.1208736423 0.1264609513 0.1324526847 0.1301220479 0.1352072276 0.1352072276 0.13403676 0.1346218679 0.1352072276 0.1352072276 0.1352072276 0.1324865601 0.1256532942 0.1299078539 0.1321949474 0.1303031724 0.1352072276 0.1352072276 0.1352072276 0.1352072276 0.1352072276
0.1277314013 0.1272419825 0.1318114483 0.1269884011 0.1225130722 0.1254860158 0.1260762068 0.1182521352 0.1207629739 0.1171762685 0.1119181347 0.104278251 0.0999477943 0.0968381107 0.0862570458 0.0991055904 0.0996936772 0.1051843657 0.1135073415 0.1137938318 0.1137967074 0.1060692935 0.113089974 0.1347735368 0.1317576352 0.1347710289 0.1309084661 0.1312628022 0.1337749139 0.128087104 0.1287911667 0.1264927981 0.1350808875 0.1293629659 0.1251024707 0.1307353843 0.1277434336 0.1352072276 0.1352072276 0.1343732574 0.1352072276 0.1352072276 0.1329360244 0.1352072276 0.1302222884 0.125579891 0.133479772 0.1352072276 0.1352072276 0.1352072276 0.1352072276 0.1352072276
0.1266822148 0.1249256823 0.1251294573 0.1232483083 0.1291905509 0.1262130123 0.1231080048 0.1151384097 0.1172786976 0.1034133185 0.1030256247 0.0964592799 0.097486238 0.0954594525 0.0976753688 0.100608861 0.1187272328 0.1092906612 0.1152890621 0.1109948736 0.0912520169 0.1199787271 0.1310209551 0.1313576429 0.1345352513 0.1311218519 0.1328796522 0.1340038231 0.1348006662 0.1312783554 0.1273908571 0.1348917122 0.1250973997 0.1282647881 0.1287625443 0.1263366166 0.1294078057 0.1324156792 0.1352072276 0.133542581 0.1340417016 0.1343374106 0.1318443091 0.1270571983 0.1324327443 0.1301783313 0.1352072276 0.1352072276 0.1352072276 0.1352072276 0.1352072276 0.1352072276
0.1260024264 0.1319383829 0.126302446 0.1277640769 0.1253889458 0.1261976916 0.1259927246 0.1205750076 0.1325625592 0.1188769412 0.0991600248 0.099318371 0.0976812479 0.1007838801 0.1086034018 0.1084249182 0.1182651957 0.1144227647 0.1086218096 0.0824992121 0.120866626 0.1179187485 0.1253801911 0.1289573396 0.1310983121 0.132141384 0.1330040213 0.135175736 0.1350712011 0.134939672 0.1350021167 0.1310882904 0.1312481258 0.1265375513 0.1266936328 0.130475577 0.1316435288 0.1322368013 0.1317838542 0.1312285622 0.1311436176 0.126743988 0.1231853416 0.1297281333 0.1301449921 0.1352072276 0.135118966 0.1352072276 0.1352072276 0.1352072276 0.1350229153 0.1352072276
0.1344623246 0.1312486375 0.1284466858 0.1092298468 0.0946272468 0.1198345014 0.1301410883 0.1196510369 0.1312248359 0.1180367541 0.1250930561 0.0994045903 0.1017404134 0.1244979874 0.117215086 0.1167793293 0.1125738721 0.1101896369 0.124221663 0.1101269393 0.1101964304 0.1251782082 0.1214574856 0.1240990654 0.1330951152 0.1266732797 0.1278045149 0.1282130905 0.1350637269 0.1351031691 0.1349698792 0.134024426 0.1347236179 0.129803371 0.1294567882 0.1351353779 0.1342152595 0.1320361993 0.1318164808 0.1281892343 0.1261565089 0.1246605302 0.1247878004 0.1305372659 0.1334476347 0.1352072276 0.1351117142 0.133284142 0.131830802 0.1315942106 0.1334145569 0.1336447421
0.1310011397 0.1276140349 0.1257142221 0.1016363198 0.1058362467 0.1055900528 0.1183342847 0.1164410047 0.1189489856 0.10690808 0.1042120564 0.096842898 0.1105799318 0.1151394565 0.1186997913 0.1177843999 0.1128393008 0.1130124581 0.1162372972 0.1091849845 0.1081887109 0.1063407854 0.1179684365 0.1202882969 0.1334939251 0.1305979693 0.1314343879 0.1284747689 0.1264370821 0.1338753749 0.133712193 0.1348242457 0.13413844 0.1328839997 0.1319111303 0.1348453115 0.1350022627 0.1310059649 0.1340970244 0.1322022768 0.1217419445 0.1162564682 0.1327634225 0.1259414126 0.1336824725 0.1337699279 0.1326621065 0.1333320768 0.1299877286 0.1287885664 0.130119591 0.1290265898
0.1345553075 0.1227915596 0.1220132722 0.1103745713 0.1100065177 0.1110494797 0.1224521076 0.1329283143 0.1218352573 0.1266936535 0.1101215568 0.0932180702 0.109613249 0.1181424761 0.1019475986 0.1203827249 0.1218204902 0.1112204166 0.1108621422 0.09795994 0.1048845581 0.1168327525 0.1179524484 0.1243900018 0.1241940288 0.1252827456 0.1239003923 0.125871531 0.1231527127 0.1322214601 0.1318464939 0.1341476693 0.1327939191 0.1315439668 0.1307936028 0.1297487494 0.1262820815 0.1311064984 0.130880524 0.129527218 0.1229626745 0.1274411012 0.1185161951 0.1273023123 0.1310762863 0.1233495067 0.1301628516 0.1305328798 0.1287796434 0.1290650708 0.1225762164 0.1273655629
0.1322842006 0.1341872644 0.126761913 0.1054857045 0.1105363331 0.1284781001 0.1311293581 0.1351345766 0.1304880445 0.1232124138 0.1268630802 0.1163042636 0.1057549872 0.113428428 0.0969855539 0.0995768556 0.1160103193 0.1138915357 0.10221161 0.0866285856 0.0918942497 0.1172825381 0.1287270462 0.1214929591 0.1204712992 0.1098812701 0.118137217 0.127071901 0.1251368251 0.1276038121 0.1301811508 0.1272387702 0.1210164283 0.1254177546 0.1266273141 0.1278654479 0.1258455127 0.1276927629 0.1240944302 0.1300157374 0.1303106377 0.1312157961 0.1174207215 0.1270319513 0.1253838298 0.11821016 0.1349972571 0.1245985699 0.1328948507 0.1285482426 0.1287317206 0.1327717569
0.1334411259 0.131628463 0.1299094259 0.1286297417 0.1236301773 0.1253029494 0.1330992624 0.1350670726 0.1351407904 0.1305215357 0.1232669501 0.1266691697 0.1187022116 0.1022950369 0.1070129632 0.1216766811 0.1052221809 0.1040829768 0.092476495 0.1000302163 0.1026240847 0.1122213861 0.1206813649 0.131472684 0.1282621449 0.1180904616 0.1149297433 0.1176005126 0.1346920316 0.1343262764 0.1343833087 0.1295273844 0.126016925 0.1295695064 0.1290192839 0.1265899115 0.1261218499 0.1223667974 0.1159953243 0.1338006042 0.1252473936 0.1238980632 0.1255764536 0.123596744 0.1197276537 0.1296361173 0.1253079517 0.1211637259 0.128188524 0.1263022399 0.1322678266 0.1297509608
