experiments/figures/15000.asc
NCOLS 101
NROWS 101
XLLCORNER 0
YLLCORNER 0
CELLSIZE 0.990099
NODATA_VALUE NaN
[rows 0 to 22 of 101, columns 0 to 51 of 101]
0.1352072276 0.1352072276 0.1352072276 0.1352072276 0.1352072276 0.1352072276 0.1352072276 0.1352072276 0.1352072276 0.1352072276 0.1352072276 0.1352072276 0.1330814504 0.1352072276 0.1352072276 0.1352072276 0.1296246178 0.1178818884 0.1287069009 0.1317224332 0.1352072276 0.1334268453 0.1332607289 0.1352072276 0.1330147683 0.1348728605 0.1349984281 0.134742632 0.1349370126 0.1282255043 0.1318639217 0.1208507204 0.1160915523 0.1236128512 0.1229369992 0.1322510597 0.1217085985 0.1168423042 0.1288512866 0.1227734295 0.1115736496 0.1269790035 0.1228081204 0.1186386212 0.1211924155 0.1216044693 0.1254625689 0.1154103339 0.1022875711 0.1077302279 0.1272005803 0.1279038854
0.1352072276 0.1352072276 0.1352072276 0.1352072276 0.1352072276 0.1352072276 0.1352072276 0.1352072276 0.1352072276 0.1352072276 0.1352072276 0.1331739837 0.1352072276 0.1352072276 0.1352072276 0.1352072276 0.1280885246 0.128496194 0.1283723323 0.1352072276 0.1352072276 0.1352072276 0.1326523962 0.1331144358 0.1352072276 0.1327007536 0.1350205939 0.134975254 0.1329539384 0.1352069855 0.1245986485 0.1349039136 0.1242418135 0.1190456009 0.1305126236 0.1329167483 0.114356077 0.1119997045 0.1274009997 0.1249391971 0.1275009863 0.1264533807 0.1336239523 0.1274105645 0.1120184303 0.1233864048 0.1245556621 0.1117794376 0.101754792 0.1150968988 0.1237455048 0.1172969914
0.1352072276 0.1352072276 0.1352072276 0.1352072276 0.1352072276 0.1352072276 0.1352072276 0.1352072276 0.1352072276 0.1352072276 0.1352072276 0.1352072276 0.1352072276 0.1352072276 0.1352072276 0.1352072276 0.1283026966 0.128785175 0.1316611484 0.1352072276 0.1352072276 0.1302373198 0.1306715736 0.1326505154 0.1352072276 0.1326645146 0.1352072276 0.1310497643 0.1334098339 0.1191174985 0.1284648422 0.1332925188 0.1254086516 0.127563183 0.1220021341 0.1271935847 0.1239998373 0.1151077609 0.1086547938 0.1120785324 0.1317015241 0.1318093314 0.1340249012 0.122352048 0.1227296436 0.0996771497 0.1170790694 0.0942258354 0.0960151339 0.1170751631 0.1205139114 0.1112257147
0.1352072276 0.1352072276 0.1352072276 0.1352072276 0.1352072276 0.1352072276 0.1352072276 0.1352072276 0.1352072276 0.1352072276 0.1352072276 0.1352072276 0.1352072276 0.1352072276 0.1352072276 0.1352072276 0.1322481431 0.1316792849 0.1352072276 0.1352072276 0.13384397 0.1293797229 0.1335525493 0.1337666643 0.1352072276 0.1278560776 0.1306375154 0.128487991 0.1247467587 0.1247861735 0.1278019726 0.1284220688 0.118463792 0.1327787191 0.1279508237 0.1234973921 0.1288181074 0.1290604498 0.1244499093 0.12650809 0.1267652557 0.1260779443 0.1287705415 0.1317996535 0.1092675837 0.1169779176 0.1157110589 0.11468447 0.1018125368 0.1097932557 0.1215594546 0.1236484807
0.1352072276 0.1352072276 0.1352072276 0.1352072276 0.1352072276 0.1352072276 0.1352072276 0.1352072276 0.1352072276 0.1352072276 0.1352072276 0.1352072276 0.1352072276 0.1352072276 0.1352072276 0.1322297916 0.1325075332 0.1352072276 0.1346146983 0.1340258214 0.1330498184 0.1314157287 0.130897879 0.1352072276 0.1303615398 0.1302915315 0.1281111416 0.1351357121 0.1253707322 0.1228308467 0.1351844749 0.1277659697 0.1258871284 0.1299577385 0.1285003844 0.1311190539 0.1314507162 0.1296743797 0.1244229446 0.1149265845 0.1152441285 0.1219663541 0.1273614814 0.130321 0.1198976084 0.1278691485 0.1138986313 0.1275967282 0.1102993719 0.10446088 0.1177902745 0.1196612165
0.1352072276 0.1352072276 0.1352072276 0.1352072276 0.1352072276 0.1352072276 0.1352072276 0.1352072276 0.1352072276 0.1352072276 0.1352072276 0.1352072276 0.1352072276 0.1352072276 0.1352072276 0.1301982703 0.1305891169 0.1346140074 0.1325809947 0.1332741779 0.1340257416 0.1344704477 0.1349436418 0.1342667499 0.1328326744 0.1327393101 0.134910851 0.1351519705 0.1294876437 0.1267455174 0.1328048808 0.1265344851 0.1281073708 0.12378251 0.1283903422 0.1272938753 0.1290831358 0.123314939 0.1253220729 0.12740759 0.1232169723 0.1271426471 0.1225276817 0.1266864243 0.1258064078 0.1238551416 0.1299662733 0.1314464214 0.1199237017 0.1173283234 0.1264886828 0.1231581323
0.1352072276 0.1352072276 0.1352072276 0.1352072276 0.1352072276 0.1352072276 0.1352072276 0.1352072276 0.1352072276 0.1352072276 0.1352072276 0.1352072276 0.1352072276 0.1352072276 0.1352072276 0.1352072276 0.1308626013 0.1282398221 0.1346133076 0.1352072276 0.1352072276 0.1352072276 0.1349673177 0.1352072276 0.1350917286 0.1346958569 0.1350043606 0.1352072276 0.1282852247 0.1244769523 0.1304620269 0.1284498672 0.1290304854 0.1233236008 0.1154226307 0.1137056697 0.1200273205 0.1225504648 0.1247474779 0.1312196177 0.1310073574 0.1256000582 0.1324740223 0.1311938816 0.1286766065 0.1273483374 0.1307390527 0.1317564469 0.1231908536 0.1236726806 0.1280049559 0.124759282
0.1352072276 0.1352072276 0.1352072276 0.1352072276 0.1352072276 0.1352072276 0.1352072276 0.1352072276 0.1352072276 0.1352072276 0.1352072276 0.1352072276 0.1352072276 0.1352072276 0.1328196398 0.1352072276 0.1329416322 0.133231326 0.1333432113 0.1352072276 0.1352072276 0.1350466804 0.1350099516 0.1348595862 0.1352072276 0.1352072276 0.1347866753 0.1310460071 0.1312774837 0.128385983 0.1244714954 0.1301495309 0.119343415 0.1248350056 0.1137767954 0.1195463932 0.121739764 0.1212224116 0.1264287423 0.128550793 0.1299613302 0.1315498383 0.1351160261 0.1325254141 0.1246247616 0.1308609064 0.1318220025 0.1244299922 0.1273611573 0.1277251121 0.127304953 0.1227943642
0.1352072276 0.1352072276 0.1352072276 0.1352072276 0.1352072276 0.1352072276 0.1352072276 0.1352072276 0.1352072276 0.1352072276 0.1352072276 0.1352072276 0.1352072276 0.1327568502 0.1327986609 0.1352072276 0.1352072276 0.1352072276 0.1352072276 0.1352072276 0.1352072276 0.1350290265 0.1350629738 0.1352072276 0.1352072276 0.1352072276 0.1347713405 0.1312314841 0.1351182547 0.1326002986 0.1331612517 0.1286503227 0.1243146361 0.1279531116 0.1252771414 0.1223767296 0.1259404745 0.1252633908 0.1159985321 0.1203501535 0.1197270078 0.1294621624 0.1275842787 0.1316014995 0.1315738906 0.1280377755 0.131554043 0.1293953723 0.1295335622 0.1262344393 0.1258190297 0.1280845773
0.1352072276 0.1352072276 0.1352072276 0.1352072276 0.1352072276 0.1352072276 0.1352072276 0.1352072276 0.1352072276 0.1352072276 0.1352072276 0.1352072276 0.1352072276 0.1326126922 0.1352072276 0.1328652272 0.1328689925 0.1352072276 0.1352072276 0.1330106793 0.1352072276 0.1352072276 0.1352072276 0.1352072276 0.1352072276 0.1352072276 0.1313237963 0.1349777056 0.1347490049 0.1303206411 0.1336496839 0.1262795248 0.1265909086 0.1352072276 0.132241761 0.1222278297 0.1228370943 0.1314725832 0.1249515785 0.1127679915 0.1220859113 0.1291235172 0.132748793 0.1289978402 0.1352072276 0.1352072276 0.129059455 0.1343855293 0.131166094 0.1305511162 0.1204291213 0.124440371
0.1336495174 0.1352072276 0.1352072276 0.1352072276 0.1352072276 0.1352072276 0.1352072276 0.1352072276 0.1352072276 0.1352072276 0.1352072276 0.1352072276 0.1323897066 0.1324187692 0.1352072276 0.1305560218 0.1328112836 0.1329450272 0.133022803 0.1352072276 0.1330911842 0.1332656619 0.1352072276 0.1352072276 0.1352072276 0.1317613918 0.1316177281 0.1336807645 0.133576839 0.1344753176 0.1323068286 0.1325872304 0.130985429 0.132153927 0.1344756349 0.1236059935 0.1208408546 0.1146541148 0.1241691918 0.1217226973 0.1235776901 0.129663884 0.1319656231 0.1331882556 0.1331683427 0.1352072276 0.132576554 0.1352072276 0.1284121729 0.1265304166 0.1135980908 0.1229249731
0.1346524861 0.1347299523 0.1352072276 0.1352072276 0.1352072276 0.1352072276 0.1352072276 0.1352072276 0.1352072276 0.1352072276 0.1352072276 0.1352072276 0.1352072276 0.132286339 0.1352072276 0.1328285168 0.1352072276 0.1352072276 0.1352072276 0.1352072276 0.1352072276 0.1334424012 0.1352072276 0.1352072276 0.1302578891 0.1317974566 0.1320381912 0.1252519739 0.1320869188 0.1278334235 0.1262881043 0.1186398864 0.134416422 0.1331010343 0.1329089238 0.1320080852 0.1173292344 0.1255057797 0.1280799542 0.1300693914 0.1201537587 0.124376086 0.1350395025 0.1352072276 0.128876185 0.1324641613 0.1325685832 0.1352072276 0.1300695981 0.1278208597 0.1141698885 0.1183359352
0.1352072276 0.1352072276 0.1352072276 0.1352072276 0.1352072276 0.1352072276 0.1352072276 0.1352072276 0.1352072276 0.1352072276 0.1352072276 0.1352072276 0.1352072276 0.1280215851 0.1284703408 0.1352072276 0.1352072276 0.1352072276 0.1352072276 0.1352072276 0.1352072276 0.1352072276 0.133621247 0.1336146542 0.1352072276 0.132277215 0.1308233576 0.1326065254 0.1331788307 0.1335172063 0.1077312758 0.1295883379 0.1352072276 0.1344080931 0.1277168959 0.1308438315 0.1186588559 0.1210996947 0.12611489 0.1307628787 0.1298010622 0.1276467473 0.1294062353 0.1280597744 0.1276937235 0.1352072276 0.1352072276 0.1347790819 0.1328181037 0.13172574 0.1252848339 0.1295943676
0.1352072276 0.1352072276 0.1352072276 0.1352072276 0.1352072276 0.1352072276 0.1352072276 0.1352072276 0.1352072276 0.1352072276 0.1314679316 0.1352072276 0.1316550345 0.1319554839 0.1306622395 0.1352072276 0.1352072276 0.1352072276 0.1352072276 0.1352072276 0.1352072276 0.1352072276 0.1352072276 0.1352072276 0.1352072276 0.130728512 0.1296495966 0.1339493564 0.1323395596 0.113333438 0.1264971762 0.1317248608 0.1352072276 0.1319600617 0.1214056308 0.1214572923 0.1196767482 0.1177804903 0.1213463724 0.1268015908 0.132945074 0.1282730017 0.124634912 0.1326788352 0.1352072276 0.1296640368 0.1352072276 0.1352072276 0.1334955391 0.1307471504 0.1336267653 0.1350398016
0.1352072276 0.1352072276 0.1352072276 0.1352072276 0.1352072276 0.1317935252 0.1317167977 0.1352072276 0.1352072276 0.1278506217 0.1316023589 0.1317208886 0.1352072276 0.1352072276 0.1341658596 0.1331717949 0.1352072276 0.1352072276 0.1342814763 0.1352072276 0.1352072276 0.1352072276 0.1352072276 0.1352072276 0.1352072276 0.1352072276 0.1321100448 0.132324073 0.1127846674 0.1153100433 0.1352072276 0.1352072276 0.1352072276 0.1352072276 0.1204739661 0.1116056145 0.1081034992 0.122384478 0.1203885713 0.1249868397 0.1275262177 0.1327105495 0.1252061972 0.1270905824 0.132415305 0.1324122228 0.1352072276 0.1347385465 0.1342586661 0.1352072276 0.1345162572 0.1318593981
0.1344601208 0.1352072276 0.1352072276 0.1352072276 0.1352072276 0.1351989754 0.1283574976 0.1312019154 0.1301780853 0.131632814 0.1279987476 0.133773855 0.1303357288 0.1340541233 0.1340872241 0.1330926598 0.1342423489 0.1342408382 0.1352072276 0.1352072276 0.1352072276 0.1352072276 0.1352072276 0.1352072276 0.1352072276 0.1352072276 0.1320818368 0.1290194323 0.1270562346 0.1206162018 0.1352072276 0.1352072276 0.1352072276 0.1352072276 0.1331639733 0.1174208748 0.1261299944 0.1285309278 0.1322653044 0.1297263155 0.1292495958 0.1305710369 0.1352072276 0.127345393 0.1324170654 0.1352072276 0.1352072276 0.134689273 0.1318412677 0.1318418473 0.1273150453 0.1326979384
0.1351357256 0.1343553478 0.131244165 0.13118576 0.1320153656 0.1319512291 0.1352072276 0.120497618 0.1280153433 0.1352072276 0.1320323026 0.126516154 0.1293985729 0.1352072276 0.1340511673 0.1352072276 0.1352072276 0.1352072276 0.1352072276 0.1352072276 0.1352072276 0.1352072276 0.1352072276 0.1352072276 0.1352072276 0.1352072276 0.1352072276 0.1352072276 0.1288665299 0.1262065291 0.1290918119 0.1232018023 0.1333161147 0.1259378692 0.1259969766 0.1223722097 0.1320458127 0.1349865318 0.1352072276 0.1352072276 0.1352072276 0.132836832 0.1352072276 0.1352072276 0.1352072276 0.1352072276 0.1352072276 0.1323031065 0.1318869792 0.1352072276 0.1295625424 0.1303407563
0.1254420369 0.1254753699 0.1270407344 0.1282573399 0.1313630089 0.1314286822 0.123687962 0.1254222196 0.1317814547 0.1314797609 0.1310175912 0.1315543254 0.1329142411 0.1331744012 0.1352072276 0.1352072276 0.1352072276 0.1352072276 0.1352072276 0.1352072276 0.1352072276 0.1352072276 0.1352072276 0.1352072276 0.1352072276 0.1352072276 0.1352072276 0.1352072276 0.1352072276 0.1289344559 0.1352072276 0.1125396466 0.1165402327 0.1107656599 0.1271109318 0.1293911676 0.1281707878 0.1325887851 0.1352072276 0.1352072276 0.1352072276 0.1352072276 0.1352072276 0.1352072276 0.1352072276 0.1352072276 0.1352072276 0.1352072276 0.1352072276 0.1323737246 0.1295193711 0.1323259554
0.125556398 0.1324436174 0.1296426005 0.1281248528 0.1324443867 0.1352072276 0.1352072276 0.1298299331 0.1333099666 0.1330855676 0.1352072276 0.133137703 0.1287562115 0.1352072276 0.1328362749 0.1352072276 0.1352072276 0.1352072276 0.1352072276 0.1352072276 0.1352072276 0.1352072276 0.1352072276 0.1352072276 0.1352072276 0.1352072276 0.1352072276 0.1352072276 0.1352072276 0.1352072276 0.1232201846 0.1293309663 0.1275756678 0.1224767667 0.1228889394 0.1280094947 0.1288003928 0.1352072276 0.1352072276 0.1352072276 0.1352072276 0.1352072276 0.1352072276 0.1352072276 0.1352072276 0.1352072276 0.1352072276 0.1352072276 0.1352072276 0.1322929674 0.1352072276 0.1323436918
0.1325833299 0.126667496 0.1331721166 0.1352072276 0.1322744426 0.1297076828 0.130060459 0.1350630795 0.1352072276 0.1330838449 0.1349187577 0.1331068382 0.1352072276 0.1305106009 0.1306031327 0.132878471 0.1352072276 0.1352072276 0.1352072276 0.1352072276 0.1352072276 0.1352072276 0.1352072276 0.1352072276 0.1352072276 0.1352072276 0.1352072276 0.1293526712 0.1352072276 0.1293328054 0.1352072276 0.1352072276 0.1328858249 0.1247066484 0.1171661717 0.1294567132 0.1324561737 0.1352072276 0.1352072276 0.1352072276 0.1352072276 0.1352072276 0.1352072276 0.1352072276 0.1352072276 0.1352072276 0.1352072276 0.1352072276 0.1352072276 0.1352072276 0.1352072276 0.1352072276
0.1239224512 0.1224054687 0.1326653245 0.1352072276 0.1351915017 0.1337407093 0.1293506641 0.1323043363 0.1352072276 0.1329260356 0.1329255643 0.1351663649 0.1330740435 0.1352072276 0.1352072276 0.1328610503 0.1352072276 0.1352072276 0.1352072276 0.1352072276 0.1352072276 0.1352072276 0.1352072276 0.1352072276 0.1352072276 0.1352072276 0.1352072276 0.1292518056 0.1235706484 0.1292498582 0.1352072276 0.1262403397 0.1298301346 0.1329601005 0.1239458983 0.1257551301 0.1301714067 0.1347094358 0.1352072276 0.1352072276 0.1352072276 0.1352072276 0.1352072276 0.1352072276 0.1352072276 0.1352072276 0.1352072276 0.1352072276 0.1352072276 0.1352072276 0.1342606782 0.1352072276
0.1179724478 0.1276402188 0.1329994739 0.1345916508 0.1350133133 0.1295816161 0.1290856559 0.1310074787 0.1350870949 0.133017748 0.1348038615 0.1349357942 0.1351798221 0.1330512554 0.1329166725 0.1352072276 0.1352072276 0.1352072276 0.1352072276 0.1352072276 0.1352072276 0.1352072276 0.1352072276 0.1352072276 0.1352072276 0.1352072276 0.1352072276 0.1337549842 0.123478915 0.12594424 0.1171771395 0.1317794082 0.1311784853 0.1303033051 0.1304048309 0.1325203899 0.1341094492 0.1352072276 0.1352072276 0.1352072276 0.1352072276 0.1352072276 0.1352072276 0.1352072276 0.1352072276 0.1352072276 0.1352072276 0.1352072276 0.1352072276 0.1352072276 0.1342071413 0.1342773561
0.121776212 0.1263944627 0.1293439508 0.132904627 0.1296493864 0.123788292 0.1299856959 0.1306554753 0.1319228303 0.1333765891 0.1349731289 0.1345820538 0.1351705674 0.1330144989 0.1315504816 0.1352072276 0.1352072276 0.1352072276 0.1352072276 0.1352072276 0.1352072276 0.1352072276 0.1352072276 0.1352072276 0.1352072276 0.1352072276 0.1338843057 0.1352072276 0.1300931638 0.1123497598 0.1286709827 0.127087738 0.1274185291 0.1177236467 0.1318307707 0.1352072276 0.1352072276 0.1346067722 0.1352072276 0.1352072276 0.1352072276 0.1352072276 0.1352072276 0.1352072276 0.1352072276 0.1352072276 0.1352072276 0.1352072276 0.1352072276 0.1352072276 0.1352072276 0.1333196238
