experiments/figures/15000.asc
NCOLS 101
NROWS 101
XLLCORNER 0
YLLCORNER 0
CELLSIZE 0.990099
NODATA_VALUE NaN
[rows 46 to 68 of 101, columns 0 to 51 of 101]
0.1326528186 0.134435064 0.1329789685 0.1279703336 0.1313479413 0.1322745916 0.1351064433 0.1350626544 0.1350028956 0.1351085631 0.135118095 0.1281764447 0.1261739693 0.1280909524 0.1223734819 0.1332779528 0.1218635053 0.0961642211 0.1100817992 0.12007956 0.1246025753 0.1232913334 0.1344159638 0.1333621338 0.1253731925 0.1202315217 0.1096685204 0.1267129526 0.1304771179 0.1333786622 0.1310451416 0.1327863971 0.1315559796 0.1320992976 0.1310099054 0.1310566384 0.1265358934 0.1339689993 0.1219918923 0.1191168899 0.1298420552 0.129279601 0.1291718555 0.1345807004 0.1315005742 0.1211303649 0.1196065005 0.1245991676 0.1152416487 0.1196023375 0.1241939242 0.1346786367
0.1343114213 0.1324182666 0.1330643847 0.1333395505 0.1350675596 0.1351971456 0.1351271267 0.1352072276 0.1350600286 0.1352072276 0.1351746 0.1351889072 0.129773103 0.1352072276 0.1313584642 0.1352017999 0.1303487231 0.1119798001 0.1070656105 0.1198935209 0.1247160347 0.1325779216 0.1341703813 0.1331722334 0.1304771042 0.1263428227 0.1179164399 0.1184856747 0.1281140369 0.1311141325 0.1342646252 0.1352072276 0.1328372434 0.1336774711 0.1291515896 0.1210947301 0.1346478807 0.1346657027 0.1289786915 0.1345812311 0.1344273888 0.1347016189 0.134940568 0.1313197332 0.1267498462 0.1246085433 0.1127550999 0.1109338572 0.1224430878 0.1181997579 0.1234778177 0.1335945247
0.1323706952 0.1326170654 0.1294553897 0.1352072276 0.135183361 0.1351805027 0.1352072276 0.1352072276 0.1350496511 0.1352072276 0.1352034652 0.1297252502 0.129095827 0.1352052076 0.1352072276 0.1348330878 0.1339481705 0.1266474046 0.1263796138 0.1272844564 0.1265251912 0.1346430899 0.131306963 0.1336590854 0.1329824496 0.1277536516 0.1271797545 0.1229940362 0.1350178163 0.1327588819 0.1334473382 0.132725981 0.1335638051 0.1306675011 0.1343802929 0.1284532463 0.1267524902 0.1288868968 0.1286605277 0.1330018299 0.1335589542 0.1341506926 0.1345507214 0.1336925379 0.1269139648 0.1238148113 0.1214280415 0.1090637847 0.1237856918 0.1244641315 0.1285520704 0.1347473972
0.1330214019 0.1237764721 0.127398732 0.1300478734 0.124194313 0.1299658034 0.1259694373 0.1352072276 0.135038874 0.1352072276 0.1296770123 0.1291247908 0.1352005094 0.1231068928 0.1230529636 0.1282019829 0.1343093497 0.1351440253 0.1288961184 0.1300001659 0.1286925762 0.1336733097 0.1307850919 0.1352021178 0.1349311296 0.1335962118 0.1256098167 0.1210799417 0.134392015 0.1333758445 0.1311416118 0.1327863566 0.1274641402 0.1302498455 0.1274936063 0.1304082856 0.121414364 0.1240156607 0.1283151235 0.1313136183 0.1333141719 0.1344069335 0.1313795993 0.1284343871 0.1285190789 0.1222341502 0.1264775203 0.125765211 0.1277396647 0.1335598989 0.1252307442 0.132953419
0.1352072276 0.1323653332 0.1242207706 0.122173733 0.1352072276 0.1061146332 0.1179647724 0.1352072276 0.1352072276 0.1241089566 0.1291676611 0.1351983891 0.135195719 0.1352072276 0.1289063106 0.1289294431 0.1348629619 0.1345107681 0.1316619706 0.1286479054 0.1321140727 0.1350796799 0.1327276328 0.1330689571 0.1351057857 0.1337336502 0.129873348 0.1253157383 0.1309382178 0.132003943 0.1275200614 0.1252212209 0.1320149817 0.1315007541 0.108531806 0.1211486002 0.1083660893 0.1242833491 0.1349791796 0.1349739196 0.1333909167 0.1342034589 0.1304995781 0.1216002854 0.1158964949 0.1193207574 0.1260275733 0.1299162516 0.1326754499 0.1247348524 0.1179897818 0.1179985998
0.1352072276 0.1324011347 0.1294135255 0.1200303958 0.1145785821 0.1078569197 0.1223922254 0.1352072276 0.1240107545 0.1292048519 0.1352072276 0.1352072276 0.1351971291 0.1352072276 0.1288844611 0.1352072276 0.1352072276 0.134286679 0.1343843656 0.129396046 0.13229762 0.1350601725 0.1343646813 0.1340158351 0.1327900781 0.1309915402 0.1241647107 0.121359155 0.1278443532 0.1269305702 0.1142917162 0.1237390988 0.1246398879 0.126713653 0.1222751853 0.1042823866 0.11938882 0.10744148 0.125029449 0.129794645 0.1321307863 0.1322972179 0.1299413768 0.1217932948 0.1173636723 0.1203510857 0.1302242531 0.1291902818 0.1232089496 0.1298261751 0.1181238444 0.1240719556
0.1352072276 0.1352072276 0.1352072276 0.1302044334 0.121833312 0.109597166 0.123697951 0.1352072276 0.1292438267 0.1294180194 0.129327232 0.1352072276 0.1352072276 0.1352072276 0.1352072276 0.1283708735 0.1339447225 0.1352072276 0.1343302421 0.1320015009 0.1330536969 0.1330595417 0.1352072276 0.1299328619 0.1213972771 0.1304933909 0.1345502401 0.1204415887 0.113583464 0.1145786023 0.1179626789 0.1171350431 0.1194155358 0.1159078337 0.1125638431 0.1151043072 0.1180585588 0.1218611612 0.1190795491 0.1143597232 0.1137089872 0.1110110859 0.128951585 0.1193979591 0.1311285701 0.1282382121 0.1207774047 0.1216082793 0.1241780185 0.1233896094 0.1293713154 0.1254723617
0.1352072276 0.1352072276 0.1352072276 0.1317260635 0.1278344507 0.1287641731 0.1352072276 0.1352072276 0.1352072276 0.1236537028 0.1352072276 0.1352072276 0.1352072276 0.1282069817 0.1217164367 0.1347158867 0.1352072276 0.1340144649 0.1347498779 0.1332359672 0.1352072276 0.1347861518 0.1297355654 0.126828188 0.1241114368 0.1265140543 0.1279111604 0.1183632701 0.12811067 0.1269028925 0.1176951624 0.1191147767 0.1206447477 0.1226836811 0.118806798 0.1264249643 0.1260287984 0.1123821576 0.1221674329 0.117061097 0.1017126744 0.1094047789 0.1044987803 0.1209087592 0.1231945785 0.1215637221 0.1217971573 0.1191799111 0.1159134722 0.1185627123 0.1308577487 0.1231876078
0.1352072276 0.1352072276 0.1352072276 0.1352072276 0.1352072276 0.1352072276 0.1352072276 0.1352072276 0.1352072276 0.1352072276 0.1352072276 0.1352072276 0.1287484514 0.1265337667 0.1276243253 0.128825991 0.1342763463 0.1334153722 0.1317386673 0.133502602 0.1352072276 0.1322302337 0.127788691 0.1257716505 0.1273982441 0.1288187175 0.1215795155 0.1237487913 0.1207429705 0.1297713347 0.134526506 0.1281038476 0.1252126015 0.1242367538 0.1261439978 0.1194376418 0.1133187678 0.1201905891 0.124838883 0.1262275684 0.1203105716 0.1116585361 0.0998529203 0.1046644751 0.1188237364 0.102730606 0.0986165718 0.1116564602 0.1177875823 0.0949830413 0.1061918341 0.1057873855
0.1352072276 0.1352072276 0.1346111527 0.1352072276 0.1352072276 0.1352072276 0.1352072276 0.1352072276 0.1352072276 0.1352072276 0.1352072276 0.1352072276 0.1352072276 0.1345883776 0.1339940572 0.1345411241 0.1345175045 0.1352072276 0.1352072276 0.1352072276 0.1352072276 0.1325197695 0.1257509235 0.1258229988 0.1332898851 0.1259807903 0.1233781734 0.1217374172 0.1330942142 0.1321537876 0.1325722015 0.1290757785 0.1291497322 0.1297872472 0.1280292857 0.1332155521 0.1260634704 0.1262401905 0.1298202489 0.1225143954 0.1223288192 0.1205988521 0.1220214863 0.1134081108 0.1061108577 0.1031349803 0.118520025 0.1023295845 0.1035026994 0.1097839806 0.0924694506 0.1030124575
0.1352072276 0.1346118803 0.1352072276 0.1352072276 0.1352072276 0.1352072276 0.1352072276 0.1352072276 0.1352072276 0.1352072276 0.1352072276 0.1352072276 0.1352072276 0.1352072276 0.1352072276 0.1337485727 0.1344364254 0.1352072276 0.1352072276 0.1344109308 0.1352072276 0.1352072276 0.1349537742 0.1289661169 0.1269150291 0.1314735954 0.1283570971 0.13200751 0.1317120986 0.1284281478 0.1209554179 0.1319227709 0.1316115373 0.1289187726 0.1346173053 0.1318728945 0.1311900395 0.1290206134 0.1203290455 0.1209911525 0.1183432559 0.1250152978 0.1100697382 0.1086051818 0.1065751484 0.1048648155 0.1125632079 0.0982461511 0.1026128289 0.1095567802 0.0971211356 0.1045812805
0.1352072276 0.1346125986 0.1352072276 0.1352072276 0.1352072276 0.1352072276 0.1352072276 0.1352072276 0.1352072276 0.1352072276 0.1352072276 0.1352072276 0.1352072276 0.13448232 0.133298457 0.13326975 0.1352072276 0.1331935407 0.133170136 0.1344098339 0.1344287381 0.1349403551 0.1349266946 0.1316656363 0.1324281382 0.1319005342 0.129604396 0.1254924339 0.1268650791 0.1227688656 0.1224785465 0.1272265271 0.1305522256 0.1332032403 0.1332214021 0.1347764342 0.1312113984 0.1211157496 0.1205389062 0.1137786325 0.1167382288 0.1229769419 0.116118495 0.1029450284 0.1210506538 0.1135458286 0.1139531749 0.1130018907 0.0973266905 0.091290199 0.1060592372 0.110151371
0.1352072276 0.1346133076 0.1352072276 0.1352072276 0.1352072276 0.1352072276 0.1352072276 0.1352072276 0.1352072276 0.1352072276 0.1352072276 0.1352072276 0.1352072276 0.1352072276 0.1344707084 0.132898206 0.1318905706 0.134393408 0.1329596868 0.1338472854 0.1331041672 0.1352072276 0.1348987455 0.1352072276 0.1352072276 0.1330442231 0.12105196 0.1217642611 0.1230657196 0.1340118516 0.1282063443 0.1327620552 0.1222672747 0.1314615347 0.1330856929 0.1339363137 0.1305223274 0.1249202559 0.1267432875 0.1236282958 0.1131610796 0.1279849755 0.1231393429 0.1013540288 0.1147227951 0.1243035526 0.1162942897 0.1043860004 0.1002458041 0.1080927237 0.1138004185 0.1219495827
0.1352072276 0.1340246436 0.1346146983 0.1352072276 0.1352072276 0.1352072276 0.1352072276 0.1352072276 0.1352072276 0.1352072276 0.1352072276 0.1352072276 0.1352072276 0.1341818789 0.1341657315 0.1341306687 0.1331324661 0.1304325748 0.1343748604 0.1352072276 0.1352072276 0.1330458009 0.1352072276 0.1352072276 0.1352072276 0.1352072276 0.1262347818 0.1210536152 0.1317904363 0.1247787219 0.1233120368 0.1206021427 0.1103287487 0.1186741923 0.1326346298 0.1275247706 0.1219086916 0.1256397924 0.1287223278 0.1203581459 0.1256743768 0.132252567 0.1261506667 0.1233982798 0.1308064097 0.1237532808 0.126012993 0.1158315782 0.097300068 0.1065285571 0.1184718623 0.1243621244
0.1334508 0.1346160549 0.1352072276 0.1352072276 0.1352072276 0.1352072276 0.1352072276 0.1352072276 0.1352072276 0.1352072276 0.1352072276 0.1352072276 0.1352072276 0.1352072276 0.134178913 0.1342344852 0.1352072276 0.1343183976 0.1352072276 0.1352072276 0.1329010969 0.1319430004 0.1318420853 0.1331883536 0.1332084402 0.1352072276 0.1265139174 0.1352072276 0.1351830171 0.1334411346 0.1326325791 0.1328512492 0.1244227099 0.1272632852 0.1251858249 0.1250945238 0.1265600977 0.1238713118 0.1283791025 0.1305814337 0.1304673526 0.1303555197 0.1338254497 0.1316986987 0.1240148587 0.1223179813 0.1270537847 0.1176369175 0.1018333361 0.1153750439 0.1048446851 0.1263832183
0.1352072276 0.1352072276 0.1352072276 0.1352072276 0.1352072276 0.1352072276 0.1352072276 0.1352072276 0.1352072276 0.1352072276 0.1352072276 0.1352072276 0.1352072276 0.1352072276 0.1352072276 0.1352072276 0.1352072276 0.1346225596 0.1352072276 0.1352072276 0.1352072276 0.1320201287 0.1256079742 0.126561707 0.1293773499 0.1284517055 0.130328157 0.1300396895 0.1333225217 0.1349523529 0.1352072276 0.1311559363 0.1273227557 0.1282357557 0.1309341859 0.1261005984 0.1216856727 0.1285752806 0.1267627191 0.129083673 0.1296779552 0.1339234296 0.1336919538 0.1327741079 0.1244090234 0.1217601612 0.1200275743 0.102999972 0.1098587461 0.1053518807 0.1059777458 0.1092492499
0.1352072276 0.1352072276 0.1352072276 0.1352072276 0.1352072276 0.1352072276 0.1352072276 0.1352072276 0.1352072276 0.1352072276 0.1352072276 0.1352072276 0.1352072276 0.1352072276 0.1352072276 0.1352072276 0.1352072276 0.1352072276 0.1352072276 0.1352072276 0.1352072276 0.1335535882 0.1272345789 0.1286423626 0.1321889752 0.1302589137 0.1352072276 0.1315461729 0.1312744249 0.1343099462 0.1341613548 0.1324756134 0.1279646005 0.129987535 0.1321173609 0.1220090944 0.1240646793 0.1259475842 0.1284587862 0.1297342635 0.1336126075 0.133904696 0.1342599742 0.1324107024 0.1247289866 0.1265624991 0.1181429448 0.1111152568 0.0878216733 0.1004028307 0.1107541781 0.1131302288
0.1352072276 0.1352072276 0.1352072276 0.1352072276 0.1352072276 0.1352072276 0.1352072276 0.1352072276 0.1352072276 0.1352072276 0.1352072276 0.1352072276 0.1352072276 0.1352072276 0.1352072276 0.1352072276 0.1352072276 0.1352072276 0.1352072276 0.1352072276 0.1352072276 0.1352072276 0.1335840348 0.1287096133 0.1264367913 0.1350854735 0.1352072276 0.1314086915 0.1269785973 0.1306438317 0.1295707313 0.1323916791 0.1346487154 0.1312716997 0.1313129821 0.1265499809 0.1219183313 0.1270159002 0.1309189212 0.1318430733 0.1317859005 0.1344751432 0.1344795666 0.1320310917 0.1227215507 0.1178281864 0.1187332632 0.1092616002 0.1104095845 0.1075087165 0.1140540855 0.1176577427
0.1352072276 0.1352072276 0.1352072276 0.1352072276 0.1352072276 0.1352072276 0.1352072276 0.1352072276 0.1352072276 0.1352072276 0.1352072276 0.1352072276 0.1352072276 0.1352072276 0.1352072276 0.1352072276 0.1352072276 0.1352072276 0.1352072276 0.1352072276 0.1352072276 0.1344836661 0.1325237119 0.1320335423 0.1307534215 0.1347847423 0.1340604265 0.1271348082 0.1302230091 0.1265162053 0.1310152588 0.1291286824 0.1323190634 0.1349538984 0.1316257648 0.1295148595 0.131741803 0.1317139772 0.1311532269 0.1269650139 0.1321407929 0.1322159897 0.1346651328 0.1310514186 0.1181090535 0.1223046308 0.1169310251 0.1056983044 0.1153820884 0.1170980231 0.1077929359 0.115200971
0.1352072276 0.1352072276 0.1352072276 0.1352072276 0.1352072276 0.1352072276 0.1352072276 0.1352072276 0.1352072276 0.1352072276 0.1352072276 0.1352072276 0.1352072276 0.1352072276 0.1352072276 0.1352072276 0.1352072276 0.1352072276 0.1352072276 0.1352072276 0.1352072276 0.1345659647 0.1335415279 0.1345895268 0.1317879003 0.1310402638 0.1328026386 0.130173728 0.1310983734 0.1278047636 0.1232916187 0.1315891735 0.1342694307 0.1305312232 0.1326576876 0.1315683557 0.1311060699 0.1329299919 0.1285294059 0.1288732675 0.1259493607 0.1302670535 0.1229658601 0.121708971 0.1317091009 0.1326205192 0.1335556101 0.1071777406 0.1186465596 0.1182562517 0.1170776528 0.1283836454
0.1352072276 0.1352072276 0.1352072276 0.1352072276 0.1352072276 0.1352072276 0.1352072276 0.1352072276 0.1352072276 0.1352072276 0.1352072276 0.1352072276 0.1352072276 0.1352072276 0.1352072276 0.1352072276 0.1352072276 0.1352072276 0.1352072276 0.1352072276 0.1352072276 0.1352072276 0.1352072276 0.134891677 0.1352072276 0.1341418236 0.1346213604 0.1332496198 0.1352072276 0.1302080022 0.1218818263 0.1289352967 0.1272910206 0.1299356707 0.1300791236 0.1333689725 0.1324369639 0.1290639686 0.1284958029 0.1257250902 0.1281284148 0.127758177 0.1181176398 0.1205195228 0.1300588536 0.1341729693 0.1251006239 0.1267502466 0.1205283453 0.1144099031 0.1217871764 0.1018283021
0.1352072276 0.1352072276 0.1352072276 0.1352072276 0.1352072276 0.1352072276 0.1352072276 0.1352072276 0.1352072276 0.1352072276 0.1352072276 0.1352072276 0.1352072276 0.1352072276 0.1352072276 0.1352072276 0.1352072276 0.1352072276 0.1352072276 0.1352072276 0.1352072276 0.1352072276 0.1352072276 0.1352072276 0.1351419623 0.1352072276 0.1336525193 0.132357087 0.1326837906 0.1305135746 0.1256141463 0.1257413009 0.131736527 0.1322040802 0.132535785 0.1315331481 0.1320694647 0.1270667341 0.1249804272 0.1229596404 0.1297325547 0.1263460456 0.1271802077 0.1274953924 0.1230214826 0.1239323074 0.1328788069 0.1193752829 0.1216623239 0.120191601 0.1088227441 0.1142740534
0.1352072276 0.1352072276 0.1352072276 0.1352072276 0.1352072276 0.1352072276 0.1352072276 0.1352072276 0.1352072276 0.1352072276 0.1352072276 0.1352072276 0.1352072276 0.1352072276 0.1352072276 0.1352072276 0.1352072276 0.1352072276 0.1352072276 0.1352072276 0.1352072276 0.1352072276 0.1352072276 0.1352072276 0.1352072276 0.1352072276 0.1343640467 0.1344274704 0.132671111 0.1320174831 0.1338552867 0.1310310779 0.1318971494 0.1324286651 0.1306920407 0.1312604025 0.1321483578 0.1263050725 0.1200883977 0.1278615896 0.1258310555 0.130285865 0.1231472456 0.1184077404 0.1169299091 0.1188428778 0.1310894406 0.1275565964 0.1148932882 0.117897529 0.1222194582 0.108881097
