experiments/figures/20000.asc
NCOLS 101
NROWS 101
XLLCORNER 0
YLLCORNER 0
CELLSIZE 0.990099
NODATA_VALUE NaN
[rows 46 to 68 of 101, columns 0 to 51 of 101]
1.1062887914 1.0278542509 0.8983368116 1.0132642956 0.9828388122 1.0072533115 1.046794972 0.9901870523 0.9406946744 0.9605640149 0.8229819712 0.6864538153 0.5836541103 0.773728983 0.759563197 0.9266021352 0.9039123859 0.8243188568 0.8686377817 0.7531986784 0.8269345346 0.830242804 0.7957677701 0.7827881829 0.7804345758 0.7049182384 0.7033403202 0.8106757821 0.7574958709 0.8220225946 0.7817730451 0.8742411545 0.9127356011 0.897300232 0.9038588078 0.6899781712 0.9393883943 0.9408142481 0.8911525206 0.9890510652 0.9787707921 0.9833812145 1.0278093506 1.0399307903 1.0386914637 1.0469147718 1.0899843368 1.1061397731 1.1054740975 1.0889248297 1.1096413021 1.0791945651
1.1074856526 0.8528285849 0.977066675 1.0006956754 1.0468189012 1.0351240642 1.0300336173 0.9683420431 1.0408532098 1.0298557974 0.828294416 0.8330534445 0.5647803328 0.6397686668 0.7384516561 0.7440588548 0.8391472725 0.7244119159 0.7832445519 0.7430633877 0.6796962398 0.6674114639 0.8213161978 0.788226778 0.7419229854 0.7270141866 0.6496726882 0.7330134116 0.8258275664 0.7977026643 0.8393666896 0.8759723694 0.9280250316 0.9396499716 0.8402728153 0.9326851355 0.9127073279 0.9085394733 0.9099708404 0.9940423739 1.0223032339 0.9928052422 0.9825406766 1.0211342984 1.0384425561 1.0706761436 1.0699129991 1.0873417861 1.1078850512 1.1002976687 1.1141927766 1.1179461163
1.1160246974 1.0058215761 1.0487935581 1.0022286028 0.9902838622 0.9712234738 0.9665330487 1.0256620378 0.9238210297 0.9924046252 0.9844245763 0.5227832703 0.6118209625 0.6558587667 0.5034042274 0.5305523463 0.6272845365 0.7032703922 0.7638261477 0.7157089958 0.6929850463 0.6985898703 0.7001028554 0.6408843926 0.775921332 0.8283602767 0.7676716297 0.7533221315 0.8070673089 0.8619968399 0.8512561511 0.8494084549 0.8796566682 0.9117410299 0.8794901374 0.8608611912 0.8984354728 0.7968853131 0.8268983902 0.9919020337 1.0214694843 1.0366761151 1.0330228345 1.0540997321 1.0703732756 1.0941843055 1.0794117107 1.1157394502 1.0832349213 1.1066558444 1.1232153658 1.1164954941
1.1215691562 0.955538033 1.0533582678 1.1040350637 1.090212832 1.0525844538 1.0287859269 1.022384683 1.0261064281 0.8711051191 0.8418109205 0.6590667333 0.7679263558 0.722788363 0.4598275916 0.5199148168 0.5835018665 0.6281584077 0.52321455 0.8428027254 0.7276290397 0.6770379825 0.6690657103 0.7333671376 0.7536270743 0.7783797931 0.7793804613 0.8475116367 0.8438533664 0.8873027032 0.9207771428 0.8517417145 0.9562559242 0.9119165781 0.8466586188 0.8847418366 0.8632273453 0.6614799542 0.7290834328 0.9813123746 1.0143007123 1.039508226 1.0469823908 1.0639505346 1.0827065314 1.0838751568 1.1049460258 1.0983962254 1.0940637674 1.0982015664 1.1185147304 1.1294710266
1.1176126585 1.1126532752 0.9388942171 1.0710261684 1.0604586398 1.0451377462 1.0740217304 1.0378874095 1.0523325514 0.8966845265 0.9204313545 0.8782693886 0.7583787564 0.7519256304 0.9190252005 0.5258737527 0.5792772125 0.53599582 0.6238721997 0.7328009109 0.7720416915 0.8252107778 0.8211890804 0.8297597818 0.7690507015 0.7508943519 0.8068317313 0.8550657598 0.9024535975 0.933864115 0.9275180586 0.9399862799 0.9453920719 0.9135890457 0.9656549396 0.8360636536 0.8186740345 0.7517264445 0.8309517142 0.9289380708 1.0172822837 1.042292006 1.0531965071 1.061256574 1.0699890051 1.0851374727 1.0764298848 1.0848799232 1.0922504477 1.0956126529 1.1016567038 1.1143441313
1.1190207246 1.0798743009 1.115324673 1.0576489521 1.0581950896 1.0710535461 1.021497545 1.0892247553 1.075151034 1.0312247678 0.8753518655 0.8404671815 0.8673323856 1.0086119569 0.766587878 0.6782571536 0.7322800666 0.7479973275 0.6685462976 0.7443279001 0.7071052721 0.8989852159 0.8794687343 0.9250638446 0.8176241386 0.7380223335 0.5026873622 0.8063288498 0.9565359066 0.9680811929 0.9493976522 0.923740256 0.9785794964 0.9433589617 0.8534896375 0.9299489648 0.8985373448 0.8727239132 0.8752210804 1.0263129174 1.0585370005 1.0739486172 1.0853747639 1.0904386278 1.0922759714 1.0863016904 1.087816054 1.0904725981 1.0947201265 1.1157542864 1.1128112924 1.1141666935
1.139443026 1.1300729892 1.1150780982 1.1243887636 1.0869400019 1.0296787589 1.0603467934 1.077947721 1.0637370788 0.9534969645 1.0078693702 0.8924584475 0.974316557 1.0283337475 0.9972321786 0.9538768987 0.6769292158 0.8612109118 0.8680694349 0.6010076245 0.6663535486 0.8586664103 0.9583736962 0.8451301867 0.8908830839 0.7407649209 0.9260661845 0.8123243789 0.9727590534 0.9516935411 0.9690282917 0.9212967526 0.991814386 0.9883414524 0.9233358972 0.9488866826 0.9648096127 1.0066259229 1.0227849523 1.0723273926 1.058645395 1.0782794233 1.1098503622 1.1175108346 1.1096280377 1.106442085 1.1038076545 1.1113774115 1.1192146864 1.1283337558 1.1212789046 1.1246642455
1.1375039078 1.1337089104 1.1256399685 1.1250039451 1.1129328334 1.0922240407 1.104507624 1.0488176785 1.0795961267 1.0664186406 1.0591064684 1.0080653879 0.9490508643 0.9323304576 0.9133378257 0.8910320393 0.9769996445 0.7993974253 0.5971008161 0.6847722036 0.8145081816 0.8971063259 0.8576023379 0.85626054 0.8808507719 0.8301142372 0.8462926277 0.8745786508 0.9124974793 0.9912513724 0.9619312823 0.9859805269 0.987115979 1.0375468058 1.036061627 1.0138102068 0.8590016808 1.0001262628 1.0070002781 1.0676689099 1.0755323462 1.105454772 1.122631367 1.1183585798 1.1098850774 1.1169452495 1.1155365549 1.1290958509 1.1212049936 1.127929573 1.1193639344 1.1199964701
1.1325261679 1.1224392331 1.1277018801 1.1138136317 1.1153523668 1.0960245019 1.0902920535 1.0812533214 1.076084092 1.0885632401 1.0782674328 1.0107106907 0.9044315073 0.9054730487 0.9558200501 0.9683437795 0.9631414156 0.8664318878 0.9237036546 0.7931212231 0.9248269526 1.005007138 0.7408570364 0.8372328751 0.9279054974 0.961353875 0.8539975039 0.752679727 0.8791879675 0.9433126338 1.0086899361 1.0199914763 1.0204740214 1.0452856221 1.0382254296 0.9269692274 0.8748274753 0.8430346707 1.0004690349 0.9934508518 1.1002910456 1.088878501 1.0994686683 1.1044146996 1.1171685028 1.1194808669 1.120332747 1.1281557638 1.130852747 1.1357019802 1.1323989852 1.1358669891
1.1293406884 1.1290638855 1.1170513645 1.1048742719 1.1028137252 1.1063072258 1.0908503572 1.0973911215 1.0728151204 1.0845752475 1.078499562 1.0231077956 0.8735160206 0.9300476999 0.9724519516 0.9230115082 0.9400645899 1.0161397781 0.9912694083 1.016000156 1.0054866556 0.9648682148 0.8169374257 0.7876987338 0.8779844953 0.9340659392 0.8449187706 0.8563434557 0.8882979358 0.9473030058 0.9206769294 0.9982823785 1.0249251841 1.0469138312 0.9724911979 0.9283762318 0.9377483885 0.9894882732 0.9080121066 1.0926330852 1.1016722475 1.09804387 1.0974413334 1.1063384253 1.1191099905 1.1349904318 1.1308374042 1.1416258989 1.139212009 1.1355673917 1.1403743493 1.1384149533
1.126540257 1.1274919982 1.1109055757 1.0934229445 1.098634959 1.1066540601 1.0772590701 1.0875757676 1.0732642236 1.0739287927 1.0636956068 0.9161082529 0.8756895394 0.8787441442 0.9525563966 0.9632280766 1.0165270218 0.9645418009 0.967141893 0.9749741514 0.9505316337 0.8768555585 0.8188652396 0.6464154419 0.7600597584 0.7559999662 0.8171236944 0.8372595233 0.8981261241 0.8738065681 0.9344410612 1.0079670084 1.0340104604 1.0522562874 1.0631497071 0.8178030792 0.8007532179 1.1167717805 0.8346725561 1.1075854798 1.087375113 1.0876626107 1.1053969624 1.039550776 1.0518050481 1.1238798465 1.1287563796 1.1395653142 1.1371559277 1.1416258989 1.1416258989 1.1416258989
1.0615663818 1.1012872574 1.1022928695 1.0971989947 1.0976506109 1.0840385062 1.1016288533 1.0810319192 1.086320465 1.0708601342 1.0465989065 1.0319643291 0.9037832335 0.9461709192 0.9523859031 0.9770468825 0.9501126424 0.9663116822 0.8794064169 0.99463053 0.9646863644 0.8602324048 0.71058616 0.7368563022 0.8197109491 0.7439666627 0.5992392116 0.719538592 0.8896045835 0.9460562638 0.9860297681 1.0127349821 1.0675721503 1.0513043916 0.9494487436 0.8030087507 1.0404675757 1.0454562048 0.9481011003 0.716433462 1.0205105327 1.1102837831 1.0356704341 1.0396193799 1.1248862666 1.1241727541 1.127680236 1.1416258989 1.1322361997 1.1393908681 1.1416258989 1.1416258989
1.0505488328 0.9960799164 0.9751569742 1.0843647334 1.0841599874 1.105428645 1.0894983045 1.1008047096 1.0891723597 1.0806928064 1.0319715404 0.981799631 0.9237497245 0.9712137087 0.9620868448 1.0008438777 0.9637875066 0.9025718409 0.9247595726 0.8563739384 0.9615624711 0.9341910055 0.5407202319 0.7395730394 0.7856397839 0.7026457801 0.5614102961 0.7049256888 0.8760451973 0.9219660938 1.0347415866 1.0164024614 1.035164724 1.0181771965 1.013000658 1.037855665 1.1152453368 1.0311913679 1.0394025873 0.9505120398 1.0906990899 1.016660115 1.118358861 1.1369432382 1.1144385467 1.1292492618 1.1416258989 1.1328330721 1.1234728405 1.1324599956 1.1416258989 1.1416258989
1.1018884058 1.0079119981 0.996030553 1.01565716 1.0796730118 1.1041546634 1.0960958778 1.0885819006 1.1048225112 1.0725604074 1.0203385173 0.966788961 0.9642726491 0.9986101801 0.9759706463 0.9529225063 1.0252562134 0.969344477 0.9242763422 0.9038589756 0.8230385089 0.8550195921 0.7715644304 0.6711182366 0.8668971935 0.6377298002 0.4992384093 0.6934194556 0.812495857 0.9644817155 0.9797497861 1.0427986796 0.9653729192 1.0122408338 1.0960082591 1.1067074072 1.1146751491 1.1075289547 1.1182444235 1.1068243439 1.0932172553 1.0991898477 1.1212516778 1.1253457535 1.1256669946 1.1405434453 1.1416258989 1.1416258989 1.1416258989 1.1325768983 1.1416258989 1.1416258989
1.1121918909 1.0801479822 0.9666573278 1.049013081 1.0122788855 1.0757662655 1.1180957574 1.0929765015 1.0920605713 1.0608711074 1.0344450068 1.0267046236 0.9834155242 1.0103152235 1.0297136673 1.0202159087 0.986049992 0.9492259702 0.7645634964 0.6360477756 0.6936974957 0.8424093308 0.8932717963 0.7097271682 0.5492249277 0.7312195535 0.6034603386 0.735486346 0.8914311858 0.9581355047 0.9843118901 1.0485252045 0.9768602002 0.9852851466 1.0325373383 1.1142526788 1.1148836261 1.1143793757 1.1156945222 1.0974496737 1.0952111532 1.1272790491 1.1328969387 1.133625335 1.1386741404 1.1416258989 1.1416258989 1.1416258989 1.1416258989 1.1416258989 1.1416258989 1.1416258989
1.1253325949 1.0630300029 1.0190365291 1.0612870023 1.0742258734 1.0780077529 1.095811177 1.0899874707 1.10462306 1.0581313443 1.047978424 1.0395820365 1.0260557187 1.0347123116 1.0213436278 0.9601194251 0.9704727702 0.9456716711 0.9006461541 0.6742866598 0.8362607006 0.779238841 0.8743944399 0.8059570259 0.7779494915 0.7616678848 0.9225690055 0.7811885219 0.8866074698 0.9619859182 0.9856044415 1.0066785882 1.0392286576 0.9113758603 1.1077582485 1.1138040084 1.117974425 1.1056417128 1.1093463604 1.1186467515 1.1316185068 1.1322363571 1.1403497342 1.1404153157 1.1416258989 1.1416258989 1.1416258989 1.1416258989 1.1416258989 1.1416258989 1.1416258989 1.1416258989
1.1106758068 1.1091302497 1.0657126011 1.102993851 1.1009235236 1.1106177657 1.0989745668 1.0931588607 1.0995764563 1.0911177556 1.0547390584 1.0756682307 1.0315129131 1.0184865103 1.0053707012 1.0184366775 0.7360215067 0.8581104139 0.8265424194 0.716138873 0.6743673581 0.720401809 0.7674662755 0.7720838883 0.8585572806 0.9267722168 0.8602355396 0.8871055541 0.8293911501 0.9044560438 0.962437156 0.9903100972 0.9783018492 1.0139614572 1.0974450526 1.1081413292 1.0997008328 1.1194348644 1.1144339822 1.1328268081 1.1376695227 1.1330373139 1.1416258989 1.1416258989 1.1416258989 1.1416258989 1.1416258989 1.1416258989 1.1416258989 1.1416258989 1.1416258989 1.1416258989
1.1234435044 1.1148834535 1.122778307 1.1093841612 1.115267061 1.1222594621 1.1104085218 1.1155952975 1.1064670115 1.0924839781 1.0893876762 1.086810045 1.0545485201 1.038328033 1.0051447113 0.9917351062 0.8526868121 0.6339411838 0.7238732861 0.5484345088 0.7332798856 0.819367398 0.7997360822 0.8798548676 0.8939636846 0.9291698946 0.9659879558 0.9719397469 0.7989734689 0.6980990212 0.741313815 0.9918544355 0.6827600927 0.8751523936 1.0274734351 1.109833935 1.1111035898 1.0484296059 1.1157724288 1.1213583435 1.1272646265 1.1375729225 1.1416258989 1.1416258989 1.1416258989 1.1416258989 1.1416258989 1.1416258989 1.1416258989 1.1416258989 1.1416258989 1.1416258989
1.1229904787 1.1225998532 1.1317633033 1.129142536 1.1187108788 1.115127831 1.1284770985 1.1151826241 1.0974088256 1.0954457879 1.1217040774 1.0987359674 1.0423121092 1.0386290704 1.037064913 1.0096604769 0.9553467237 0.6779749132 0.531271631 0.5690097945 0.7471721751 0.8571058303 0.9206320592 0.908518503 0.9360565102 0.960818101 0.9700772516 0.9749215677 0.8633017832 0.8626900665 0.8586359468 0.9182638709 0.7995782588 0.6677917987 1.0379444646 1.1148520609 1.1313003768 1.0618924911 0.8967008615 1.111963438 1.115625644 1.129260628 1.1416258989 1.1416258989 1.1416258989 1.1416258989 1.1416258989 1.1416258989 1.1416258989 1.1416258989 1.1416258989 1.1416258989
1.1273029567 1.1292572568 1.1301722092 1.1253955428 1.127212631 1.1280319311 1.1284203726 1.1133511922 1.1017756623 1.0964013105 1.1038143052 1.0914293237 1.0935480334 1.0693139399 1.0555764377 0.9673953126 0.8192395757 0.7374218658 0.6474288351 0.6190977787 0.7978682226 0.8714034338 0.911868544 0.9244109661 0.9127238933 0.9267982792 1.0132052541 0.9911349283 0.9428472885 0.98237119 0.8620186474 0.8993234796 0.6926087438 0.8039480314 1.048012976 1.1282268127 1.066833681 0.9094253799 1.0146977568 0.9579637342 1.1099699236 1.1365964401 1.1416258989 1.1416258989 1.1416258989 1.1416258989 1.1416258989 1.1416258989 1.1416258989 1.1416258989 1.1416258989 1.1416258989
1.1308827436 1.1333912222 1.1333614449 1.1274342198 1.1184442649 1.134341357 1.12684999 1.1303990688 1.1081195568 1.0802567657 1.1067074349 1.0966776826 1.0934108316 1.0605210954 1.0071667476 0.8600171283 0.8175377197 0.7762548011 0.750025414 0.7749051524 0.724531029 0.8485982537 0.8457960237 0.9075689797 0.9227286966 0.8556607106 0.9303492637 0.9709415339 0.949535121 0.8913260199 0.8848051774 0.8531775297 0.8875014413 0.6495871138 1.0286218369 1.0114281401 0.7517714042 0.6948875937 1.0257388435 0.9399891669 1.1085839702 1.1298295255 1.1416258989 1.1416258989 1.1416258989 1.1416258989 1.1416258989 1.1416258989 1.1416258989 1.1416258989 1.1416258989 1.1416258989
1.1319801063 1.1322060316 1.1275951647 1.1276875103 1.1274370373 1.1041815598 1.1232069698 1.1166568055 1.128502607 1.1178215931 1.1277747856 1.0915655418 1.0747227905 1.0574673247 1.0203637415 0.8482131385 0.8712907371 0.8526368337 0.7649437941 0.7041757195 0.6585112388 0.7129213345 0.8511216589 0.9079348185 0.8969513152 0.8229520691 0.8616896815 0.9142137622 0.9147840741 0.92093662 0.9454114049 0.9185606238 0.9190300425 0.9555839316 0.9151672191 0.9546453853 1.0049094396 0.7643934995 0.8507719859 1.0423109622 1.0237277562 1.1293641725 1.1344143746 1.1416258989 1.1353720534 1.1416258989 1.1416258989 1.1416258989 1.1416258989 1.1390449392 1.1416258989 1.1416258989
1.1315332701 1.1340594359 1.1248962126 1.1324363217 1.1246872863 1.126919337 1.1209353393 1.1242837542 1.1144997904 1.1249743657 1.1143030085 1.1122760008 1.0717455816 1.0387077821 0.9833233365 0.9631112595 0.8192474221 0.8269522087 0.7736089585 0.6557306979 0.5463669557 0.6442213252 0.7866647129 0.7697559314 0.5662503886 0.7552831331 0.8600562187 0.917932983 0.8097076886 0.8915401441 0.906444154 1.03951861 1.0481978196 1.0368101364 0.9321598892 0.9619880161 1.0961923326 1.0048556984 0.9802156085 1.0846537134 1.1297358937 1.1141525615 1.0636763496 1.1393769723 1.1377081503 1.1416258989 1.1416258989 1.1416258989 1.138967167 1.1353306909 1.1392026467 1.1381289676
