experiments/figures/20000.asc
NCOLS 101
NROWS 101
XLLCORNER 0
YLLCORNER 0
CELLSIZE 0.990099
NODATA_VALUE NaN
[rows 69 to 91 of 101, columns 0 to 51 of 101]
1.1355601845 1.1375892864 1.1288444456 1.1241925255 1.1364340301 1.1336178489 1.1216129935 1.0855467102 1.0979571737 1.0982657116 1.106341175 1.0929073887 1.064917664 1.0673230618 1.0218703431 1.0134494689 0.9558588954 0.7576870348 0.7214902415 0.6276708276 0.4766897191 0.561195403 0.6489223237 0.8690256597 0.4677431034 0.6958472337 0.8285313001 0.9255511448 0.8010174523 0.849677542 0.978994027 0.9820534419 0.9730483593 0.9212163046 0.932504248 1.0590749702 1.0754922969 1.0847289819 1.0844180941 1.1053562636 1.0965922943 1.130475582 0.9905506288 1.0649688113 1.1416258989 1.1416258989 1.1416258989 1.1416258989 1.1388904588 1.137770417 1.1344588751 1.1356063919
1.1339913251 1.1355990944 1.127902453 1.1300641443 1.1284539867 1.1226117598 1.1094329879 1.1232197587 1.1039461452 1.0749811902 1.0808704228 1.0758598902 1.0527696521 1.0049108834 1.0066563908 0.9904500097 0.9048043336 0.9013189752 0.7279633611 0.6710235614 0.6226085255 0.4782556826 0.6586888828 0.6957496984 0.7123453647 0.8335792801 0.7574708332 0.633101309 0.9445418481 0.9825070366 1.0002596743 0.8875498795 0.8893244753 0.7917581393 0.8080790394 0.9506949409 1.0983889521 1.0206740331 1.081056752 1.0770275888 1.1040574262 1.1043218101 0.997859541 0.9990571995 1.1381624224 1.1416258989 1.1416258989 1.1416258989 1.1416258989 1.1333485873 1.1393616377 1.1416258989
1.1276267111 1.1319181595 1.128499908 1.1375795315 1.1041641725 1.1138125625 1.1183895312 1.1218106526 1.0907099334 1.0780799346 1.0746886281 1.0736925425 1.0383181442 1.0335759139 1.0230247233 0.8542174928 0.8744873295 0.901819842 0.8664188805 0.746239305 0.5430936927 0.7691038233 0.6980048677 0.8449450585 0.8402375637 0.7454352592 0.7314260065 0.7666123924 0.8972492033 0.9482034284 0.8209350667 0.8401887787 0.8023904112 0.7211129452 0.8686105549 0.9310428371 0.9640625169 1.1121852874 0.932021706 1.0604942321 1.0916869342 1.1128002451 1.0039395931 0.9412788921 1.063967493 1.1382476067 1.1362596088 1.1374513277 1.1326193818 1.13733611 1.1282275016 1.1365207901
1.1321513233 1.1286269692 1.125624608 1.1361301244 1.129371634 1.1038519195 1.0915277218 1.0950784504 1.100128819 1.0254958609 1.0326287207 1.0391348041 1.0684999232 0.9994785694 0.8513898689 0.9620101982 0.8835581977 0.8944789508 0.7916876168 0.677061363 0.8221560361 0.6911926375 0.5983913233 0.6425148948 0.7971098136 0.6756348426 0.7469173808 0.6916876277 0.6197053626 0.5346908814 0.8092061071 0.838009285 0.7706857288 0.5777306105 0.8450402582 0.8949203384 0.9953139415 0.9544574885 1.0023566684 1.09956154 1.1070972173 1.1234356213 1.0637197074 1.1265424008 1.1328708822 1.0599550406 1.1347661362 1.1277174967 1.1369370456 1.1165008527 1.1192657935 1.135622699
1.1319088742 1.1209200698 1.0913524813 1.115893688 1.1060425226 1.1073070281 1.0946094849 1.1103421541 1.1038669046 1.0447798254 0.9599839808 0.9825030087 0.9404153164 0.9196901557 0.8902998395 0.7756427973 0.8410773815 0.8912480903 0.820039096 0.8630044147 0.8230044107 0.663845468 0.582094609 0.6717613388 0.6377095261 0.5716426007 0.5645010032 0.541675535 0.5161523128 0.6164068181 0.7169476034 0.8025875685 0.6504669147 0.716622667 0.8819926433 0.9256348567 0.9696588018 0.8493488043 1.0110133321 1.0991316895 1.0988326011 1.1179472037 1.1263804054 1.1194166359 1.1312438778 1.0570862496 1.123060035 1.1246733891 1.1277346451 1.1237464696 1.0923900086 1.1316669179
1.1259514141 1.1011897738 1.1151563217 1.0796180914 1.0883444423 1.0709862857 1.1050616623 1.0845948349 1.0734452332 0.9775108306 0.8961947601 0.9173061392 1.0107686771 0.923085376 0.9238764155 0.7743102225 0.7786252399 0.8395733534 0.8309566488 0.8502382134 0.8306937995 0.70431468 0.702217429 0.424006574 0.4766752815 0.4908971723 0.4577505865 0.4085705643 0.3910810766 0.5919506793 0.6887999746 0.7418518875 0.8043826867 0.7771814693 0.8756256121 0.8546108526 0.8818673976 0.8265235124 0.9371665484 1.0352730301 1.0322249984 1.1221905705 1.1266418716 1.1256848816 1.1364315368 1.0503951408 1.1235993316 1.1305832211 1.0982856637 1.0945265748 1.1331018419 1.0663501005
1.1045874075 1.1065480036 1.1170489253 1.0752387247 1.0762586412 1.030977058 1.0813189868 1.0476096127 1.0418795017 1.0393649553 0.9523458699 0.8795372772 0.825375984 1.0120411237 0.8630774129 0.8349335285 0.8683092994 0.8621466663 0.8231575288 0.7631627148 0.7485790343 0.6568544229 0.5701447436 0.444236732 0.5580161079 0.5877685044 0.5536320656 0.5502329612 0.3580049575 0.2752192043 0.5079795674 0.7852963139 0.7316824106 0.825028172 0.9659279351 0.8446338571 0.9419842627 0.965020565 0.8799692681 1.0074339972 1.0189801458 1.0182702464 1.1148705004 1.0431215273 1.0428408847 1.0468231639 1.1137487995 1.1192221601 1.0799043083 1.072146196 1.1135824551 1.045128541
1.1036412877 1.0834108006 1.0975518131 1.0858785812 1.0520628457 1.0633670477 1.0357194629 1.0633794146 1.0357612404 1.0167602218 0.9404060834 0.8509058912 0.8969789423 0.8423588001 0.8469209057 0.8629865065 0.7790471861 0.8349577188 0.8111256981 0.7025496493 0.7061659921 0.6394226058 0.6078211656 0.4530600273 0.4138907966 0.5193786834 0.5719142778 0.5916871684 0.4665848266 0.3695624198 0.5981365585 0.6853576224 0.8015947376 0.823226309 0.8938982151 0.9480751608 0.8701958712 0.8638237665 0.8679279349 0.9552731976 1.0777065551 1.0734776108 1.0034195155 1.0832857651 1.1081028516 1.1144557072 1.1052324899 1.0907706055 1.0615872739 1.054177239 1.0783217967 1.0785668302
1.0644039463 1.0703706766 1.0733830673 1.0526405956 1.0323433968 1.0385303896 1.040173001 1.0350443537 1.0424481543 1.0119496149 0.9590791118 0.8693209092 0.8796553439 0.8844039492 0.8158268595 0.8170261979 0.7839551701 0.7299467824 0.7817501091 0.6720459656 0.5874447088 0.680934041 0.5794485702 0.5741214449 0.4045180582 0.5168891828 0.5073764384 0.5679983613 0.5650772401 0.4385186713 0.5482515815 0.751600798 0.8280842142 0.8231144036 0.9335931795 0.9047477638 0.9372242953 0.8471508576 0.9592123209 0.8173810527 0.9728079421 0.9941470211 1.0754792167 1.0887291247 1.1020336386 1.0796877198 1.0728187251 1.0968172811 1.046260097 1.0502769188 1.0477202334 1.1067856348
1.0698144387 1.0456516143 1.025535827 1.0305685992 1.0029292001 1.0097134426 0.9973971501 1.0066199738 0.8914170333 0.864432101 0.8516384607 0.919128678 0.8909227905 0.8573083741 0.7760682533 0.6415140961 0.7669021125 0.7072880232 0.6009480704 0.4975652959 0.6530592429 0.7260618882 0.6861906471 0.5181205764 0.4188873051 0.3564759179 0.4898726415 0.626283624 0.3833081816 0.287413302 0.477630212 0.6527568658 0.8341943812 0.732168036 0.7373623073 0.7470497465 0.8117378009 0.8714043963 0.7415899294 0.9479815502 0.9321962078 0.9968660509 1.0691669232 1.0526194318 1.0661271309 1.067729656 1.0420950978 1.0355951042 1.0220429333 1.0466201546 1.0330313458 1.0507252246
1.0434732112 1.0428559114 1.0328578176 1.0111200784 1.025727529 1.0109979661 1.0426572537 0.9871753012 0.7635004585 0.9523858498 0.9755430629 0.9106853974 0.8209021751 0.7765495351 0.6709033128 0.6261004125 0.6284451898 0.5945556481 0.5031729384 0.5376743512 0.6539165646 0.6367536868 0.5305901442 0.5189373932 0.6012998812 0.4786928788 0.5663566302 0.4384780805 0.4204760904 0.3647301815 0.4558637421 0.4749239751 0.532097891 0.6413226338 0.5654273753 0.7691337467 0.5691738027 0.4941712676 0.7807364952 0.8973565615 1.0254924354 0.971713219 1.0519013208 1.0799086965 1.0811396454 1.0920713186 1.0955059793 1.0406137552 1.0727650035 1.0347989709 1.0677459177 1.1088421516
1.003231748 0.9039460767 1.0122562988 0.9845947578 1.0135643169 1.0183123278 0.9322450279 1.0129521886 0.9152082156 0.9671140581 0.8583834164 0.8090288482 0.7835687255 0.7022234223 0.5956078987 0.524850257 0.5078095839 0.5665852389 0.5360076138 0.5837763863 0.6889591769 0.5320175 0.6114524963 0.5262491861 0.5915849482 0.6157968658 0.4194574004 0.3320679815 0.4328874742 0.5731366178 0.6291576767 0.5438083498 0.5473908273 0.5861259937 0.7130149914 0.7218565556 0.5947247277 0.5731716621 0.716844887 0.884626267 0.982949052 0.973242475 0.9240346671 1.0066084705 1.08713978 1.0561867232 1.0746484807 1.0821056665 1.0370768335 1.0904334552 1.0885174783 1.1081851044
0.948069965 0.9670003718 0.9289669128 1.0034813287 0.9996900819 1.0237504731 1.0183741926 0.7563023465 0.740831481 0.8690974031 0.9509226859 0.9633555659 0.8205035386 0.6635694088 0.4605035652 0.3998802361 0.4866419531 0.6628110787 0.5574022807 0.6671332312 0.6635618062 0.5215769996 0.4516733047 0.4263998314 0.5574393262 0.3279190645 0.424393756 0.335559411 0.4487111518 0.6036944922 0.6918641031 0.6945430664 0.5437152614 0.6833838118 0.8345828775 0.7209526366 0.703268577 0.6964972592 0.6275755474 0.6901124998 0.8176162664 0.8354046303 0.8803856649 1.009183463 1.0393105878 1.0648179412 1.0798554306 1.0792042562 1.0987647804 1.1003604412 1.1151787848 1.118246053
0.9957494449 1.0400302025 0.9820644137 0.9715468258 1.0458117788 1.0014565821 1.0010754809 0.9085662953 0.8016150069 0.9412363783 0.7963606099 0.7850699197 0.7708868741 0.7109396496 0.7241526808 0.6537761912 0.6989518871 0.6313832768 0.4220669791 0.4754433022 0.4975239439 0.6104437858 0.4283967316 0.5290949073 0.4758982834 0.3865630827 0.4389894416 0.4266337305 0.5074067849 0.6373131595 0.5995619656 0.7601545845 0.634990151 0.7636898336 0.9086005387 0.9049052083 0.8359615488 0.7713338998 0.5964960457 0.7275459295 0.9312251301 0.8852072022 0.9115025013 1.0002953532 1.0520296875 1.0743186402 1.0895649728 1.1220595182 1.0965431069 1.1019007668 1.0595272351 1.1244712125
1.064160768 1.0276824725 1.0557302634 1.0295611266 1.0139181429 1.0135197193 0.9964432295 0.9001156762 0.940012514 0.8759221189 0.8711548617 0.7366563635 0.7687633122 0.7889986464 0.7530411256 0.8244942046 0.6780036129 0.5724781218 0.4989314924 0.5474442199 0.4561032391 0.4534877889 0.5328102523 0.5490418306 0.573698226 0.591671523 0.5578563031 0.5983055346 0.5818457901 0.5448993191 0.5765587548 0.627670649 0.8164267102 0.8867553707 0.8551108318 0.7710294744 0.6707447785 0.6168482374 0.5475865299 0.7615677688 0.9018872914 0.8781190825 0.9032369133 1.0364518819 1.0262299942 1.0647797258 1.118706965 1.1258926422 1.1225361896 0.9932228088 0.9359846623 1.1326202885
1.0861734752 1.0705447079 1.0653831586 1.0227483117 1.0179128304 1.0051480839 0.9819567309 0.9553691242 0.8523516687 0.9657801332 0.8940146475 0.9446516779 0.8121028794 0.7780999038 0.7604395691 0.699429038 0.8036690334 0.6793334791 0.5551590357 0.5757682539 0.6493879438 0.7232455365 0.5584063972 0.5808919381 0.5278370663 0.5294419402 0.6235857599 0.7679701744 0.6629612242 0.5891167788 0.41033267 0.5988985271 0.831989583 0.8269732886 0.7968758238 0.8233869871 0.6150781906 0.4298600703 0.6188832988 0.8010701872 0.8798340509 0.8241079696 0.8548797972 0.9130784436 1.0444116606 1.0670019213 1.1212303376 1.1246495908 1.0034833039 0.8708729768 1.0562043734 1.1284683347
1.0872101242 1.0703480829 1.0487733692 1.0562105211 0.9983338044 0.994243464 0.9908597878 0.9408966805 0.9833702328 0.9112200424 0.9691644543 0.8784320929 0.8113847852 0.8702381908 0.7801911207 0.7793827743 0.7199925017 0.7590826818 0.3740534255 0.6524468037 0.6870465548 0.6765284989 0.6373009774 0.5998703395 0.5349116709 0.5707101095 0.5959284262 0.7008296819 0.6751882345 0.6868507401 0.679449492 0.56564942 0.6607534439 0.7616947188 0.875697065 0.7803035612 0.6799918055 0.6435410809 0.6428178317 0.8983129729 0.8948420286 0.8577091128 0.8827331066 0.8891954487 0.9566868022 1.0687423283 1.0878161836 1.1259866584 0.9619157558 1.0800719273 1.1272350005 1.0709264476
1.0696606796 1.053116775 1.0543960317 1.0047651662 0.9554248006 0.949870695 0.9514684581 1.0096241368 0.9625385765 0.9867160769 0.9757932592 0.9020625783 0.8462476409 0.8436330648 0.8590815374 0.8539523726 0.7418678858 0.6513877016 0.6694410939 0.5817159796 0.6994864471 0.812950425 0.695549957 0.6793483576 0.6956849919 0.5381223502 0.7460373219 0.6020772865 0.7363019195 0.6702274706 0.6811889488 0.6722197075 0.828036597 0.8292157281 0.9429583539 0.8155074061 0.8199182763 0.7769592884 0.6865188481 0.908753412 0.9185939737 0.9516677695 0.8133260284 0.7201270984 0.9317274035 1.0562190182 1.0968480564 1.0048145265 0.9716367583 1.0524613233 1.0440423926 1.0627945764
1.0484287319 1.0270371945 1.0342705815 0.9940565651 0.9737061916 0.9319959258 0.9555711572 0.9864504059 1.0190330241 1.0250839482 1.0159902657 1.021786084 0.8838088234 0.8477511615 0.8965878112 0.9041624376 0.8906768894 0.7536390712 0.7040915068 0.6306967955 0.8226038569 0.8195750731 0.8448890862 0.7649365367 0.6507845815 0.7356040359 0.5191158574 0.6682216416 0.7211623929 0.6433710167 0.5971722547 0.6475976971 0.7628422415 0.7611773637 0.8388960577 0.9303503754 0.8454585735 0.908110602 0.9664573754 0.9711545532 0.9805580247 0.9483745772 1.0381322674 0.9036258904 0.8621284865 1.0764661616 1.0618495909 1.0515762343 0.9382993768 0.912314957 1.0023210432 1.0519419276
1.0686919677 1.037736736 1.017754952 1.0231194135 0.99453871 0.9500085693 0.9782736085 1.0231569973 1.0514729335 1.0393144371 1.0031700213 0.9853624713 0.95124577 0.8874637196 0.8963649999 0.9408932871 0.954549585 0.8449733842 0.6289964813 0.8189775116 0.7577389979 0.7732371035 0.8006982561 0.7492541691 0.7291173877 0.618978447 0.598532478 0.698431059 0.7928937798 0.7376948986 0.7021109312 0.689086264 0.4900648743 0.7590920438 0.8155942701 0.9131005671 0.9306087271 0.9129854153 0.9156244508 1.0171381335 0.9782124157 1.0036866507 1.0215052626 0.8696692225 1.0247289509 0.9513917932 1.0988598002 1.0766530015 1.0629824702 0.987328166 1.118645811 1.0470035373
1.0990514543 1.0299228256 0.9870882921 1.0031280005 0.9863296467 0.985372231 1.0259634926 1.0285539627 1.0478926928 1.047222452 0.9940702629 0.9757454262 0.9773831361 0.9346156647 0.9826248823 0.9817665736 0.9353604843 0.8806344452 0.8279240245 0.7235667711 0.7837122767 0.7517004528 0.7144642034 0.8271977781 0.8130818834 0.6707146671 0.8225535477 0.7012570353 0.662483766 0.4618543274 0.5741056045 0.5193395405 0.447384482 0.7214870085 0.7876236263 0.9241747883 0.9128008641 0.9670127284 0.9069458192 0.8672921119 0.999135663 0.9553160958 0.9999077392 0.9586320635 0.9912225769 1.0754324898 1.0186106838 1.0693924028 1.0846192556 1.1288095163 1.0508236458 1.1184603698
1.0695890843 1.0233095649 0.963390893 0.9715516251 1.0325567981 1.0135271436 1.0139543821 1.0398726042 1.0281589545 1.0363589212 1.0246138122 0.9796164877 0.9995053422 1.0108751873 1.0169461463 0.9976178478 0.900917786 0.931941906 0.8521860329 0.794523277 0.7091023508 0.6955398426 0.7764681704 0.7801878579 0.7704032627 0.7347242394 0.5439483824 0.635944483 0.5236510652 0.48925427 0.5604045884 0.3536902383 0.6762582521 0.5256532904 0.7088005548 0.795255501 0.8981303847 0.9305490603 0.9532593512 0.8938037364 0.875484192 1.0092141896 0.9747907434 1.0114897989 0.9835530317 1.0378126204 1.1142262731 1.0870114437 1.0903407612 1.1230862157 1.1152425341 1.094704666
1.0516907103 1.0038082841 1.0051773955 1.0111771373 0.9682747057 0.9658186925 1.0118349502 1.0108039772 1.0216167111 1.0110124573 1.0066618895 1.0236477368 1.0226086447 1.0461360517 1.0176767941 0.9921306715 0.9542424152 0.9329520256 0.8512326003 0.9086098804 0.8441784367 0.7582469605 0.635898945 0.7021761676 0.6710592744 0.7841836207 0.6863427168 0.8177768083 0.8542481456 0.6233301515 0.6070860668 0.4918515728 0.6657603628 0.8143170528 0.6244067451 0.7053846422 0.8581280163 0.9293647643 0.9625662496 0.9629385064 0.97920839 0.9851193004 1.0076734602 1.0393109718 0.9685653617 1.0359836892 1.1024603015 1.1135953696 1.101283972 1.1160145492 1.1151167877 1.0956716555
