experiments/figures/20000.asc
NCOLS 101
NROWS 101
XLLCORNER 0
YLLCORNER 0
CELLSIZE 0.990099
NODATA_VALUE NaN
[rows 23 to 45 of 101, columns 0 to 51 of 101]
1.1416258989 1.1351494998 1.1320938478 1.1351633565 1.1260930758 1.1151279154 1.1106246955 1.0964843367 1.0908063348 1.0851771249 1.0936707337 1.0639604915 1.0536636839 1.0128173918 1.0074376963 0.9493610647 0.9628672714 0.9998674616 1.0320070823 0.9982514102 1.0292465956 1.0201945018 0.9179604526 0.8990771859 0.9322444418 0.9292917568 0.9267394759 0.9334463045 0.9746379567 0.990233768 1.0236734815 1.0098798985 0.9559429308 0.9727092489 0.9203466449 1.0331928158 1.0348035027 1.0233595379 0.9681904425 0.9023705429 0.9036933508 0.9916363929 1.0591281981 1.0724358139 1.0737073869 1.0620862713 1.0709430831 1.0135373495 0.9645175091 0.9331317649 0.9174728269 0.9365220696
1.1416258989 1.1363556085 1.1309179692 1.1313757859 1.1281109247 1.1248408594 1.1178417729 1.0986965407 1.1088943544 1.1101710127 1.0658169273 1.0626920099 1.0642333834 1.023584604 1.0038009319 0.9662963632 0.9902245081 1.0133215457 1.0354519425 1.0398435836 1.0175057264 0.9706763935 0.9140017706 0.9423963461 0.8689802113 0.8558872446 0.9051702704 0.9454574 0.9382623937 0.9468326623 0.9648057657 0.9679632982 0.9757522149 0.9905815018 1.0126363506 0.9804345813 1.0041546708 0.9811219695 0.8504474905 0.610927406 0.7624055751 0.9175318943 1.0553070231 1.0330786817 1.0376954774 1.0906347372 1.0666818264 1.0609265766 0.9486107196 0.9670287798 0.9317007273 0.9555571433
1.1392391817 1.1372689258 1.133560521 1.1247922254 1.1380483044 1.1264298475 1.1206594684 1.1047298541 1.0864416973 1.0887524604 1.0903486022 1.0714133966 1.0669158604 1.0374000766 1.0203157584 1.0280041334 1.0082563932 1.0280491286 1.0256527627 0.9818431624 0.9840364925 1.0000847411 0.9928975783 0.9067231404 0.7375716415 0.8432420382 0.9038335243 0.8922546222 0.9083626634 0.9169721473 0.9457246691 0.9694573677 0.9566421665 0.9596019695 0.994879506 1.0136362621 1.0545618091 1.0164452503 0.8935085088 0.8350102446 0.8321057478 0.9586008751 0.9977037536 1.0555565593 1.0647254916 1.0635950911 1.0911283379 1.0427623028 1.0221547734 0.9609924475 0.9666356777 0.9907893011
1.1410803076 1.1299671392 1.1330949397 1.1288103415 1.1276849131 1.13611328 1.1084856168 1.1060121434 1.1113501885 1.062902864 1.0781105555 1.073297312 1.0391889986 1.0655128699 1.0035186166 1.036860317 1.0185766684 0.996403905 0.9586669341 0.9568886909 0.9705034461 0.950597616 0.9335635425 0.9190692757 0.7502483006 0.7840844136 0.8513458122 0.8567085751 0.7988941665 0.8142579111 0.8732388298 0.9169406561 0.9120911715 0.9819689908 0.9939897525 0.987684262 1.0318326264 0.968384799 1.0058052186 0.9723361444 0.8581903529 0.9898094349 0.9200328348 1.0131166754 1.0685011081 1.0852351954 1.0759478286 1.0454244921 1.0309005749 0.9559020284 0.9732793397 1.0054666434
1.1323173808 1.1361902521 1.1342333396 1.1268779256 1.1230569061 1.1357581248 1.1111764847 1.0981150425 1.0775126653 1.0860000698 1.0328465169 1.0134566139 1.0665922971 1.0234074147 1.0468027518 1.0500526971 1.0249144686 0.9952914504 0.9412098115 0.9226491255 0.8754887452 0.8881943423 0.8943350351 0.8269858522 0.7633651457 0.759634897 0.7559291348 0.7986048448 0.7780784648 0.7195497749 0.8017641933 0.8482400335 0.8155432084 0.6619819486 0.873956063 0.9933291471 0.8977400079 0.9856195865 0.9877829339 0.9940122728 0.9430873439 0.806132373 0.9948223171 1.0039356308 1.0192629812 1.0602180523 1.0647971536 1.0376154218 1.0627058681 1.0298450393 1.0335534305 0.9897739416
1.127417028 1.1311512023 1.1310233418 1.1185395087 1.1054076766 1.1033094265 1.1114172765 1.1124500627 1.0946765069 1.0491886326 1.040488473 1.0112084865 1.0284391194 1.0298906383 1.0198475502 1.0259038918 1.0039374613 0.9926081591 0.9694769679 0.9336786543 0.9182869854 0.758831969 0.8675214454 0.8556140031 0.7690564662 0.7382707743 0.8225685682 0.8249211531 0.7249590804 0.7137677608 0.7360200789 0.7060417474 0.8076275201 0.7377551937 0.7989086629 0.8981907097 0.9935842303 0.970971945 1.0042320454 1.027541622 1.018374865 0.9845200111 0.9421646207 1.0414387858 1.0365744238 1.041418019 1.0195574925 1.0584737421 1.0509187629 1.0535312613 1.0394957111 1.0447914122
1.138429082 1.1311151058 1.1366194413 1.1256098627 1.1011862967 1.0927914373 1.122057161 1.1190804164 1.1007824896 1.0881579712 1.0375519684 1.049637619 1.0210446085 0.9765446615 1.0056116953 0.9472036661 1.0128939169 0.9773349163 0.9314268484 0.9342676892 0.944454781 0.8443830856 0.7828534289 0.8396928505 0.8710104984 0.8358605701 0.8336603801 0.7325663073 0.7822749089 0.6949968108 0.8146496375 0.7961523101 0.4320029633 0.6514865198 0.8606168508 0.9792891416 0.9713667265 0.9993663519 0.9829984274 0.924131771 0.9218255786 0.9799783627 1.0143528038 1.0223251271 1.0320008317 1.0280160548 1.0557761903 1.0137173048 1.035985896 1.0470883929 1.0690716034 1.0637440268
1.1416258989 1.1383023286 1.1381383596 1.1193148157 1.109364416 1.1313714926 1.1137916939 1.122177665 1.1075299776 1.0887253363 1.0770486338 1.0715285302 1.0009858365 1.0095015476 0.9903737973 0.965626558 0.8805857801 0.8967251982 0.8800330714 0.9759920283 0.9357916636 0.925158082 0.750061585 0.9119024808 0.8418248153 0.8234738482 0.7487030444 0.780079691 0.7355347675 0.7177595778 0.6829473075 0.6444201453 0.5619371009 0.5563705009 0.871400546 0.9187188759 0.9191234962 0.9586507299 0.8895743357 0.9338628679 0.9584612491 0.9870169871 1.020274993 1.0326087857 1.0512128701 1.0293415295 0.9996800499 1.0442725616 1.0278187285 1.0537752412 1.0375245987 1.0495949468
1.1416258989 1.137666122 1.1416258989 1.1348989807 1.1284925916 1.1256765875 1.1210285693 1.1112285287 1.1075326907 1.0971668374 1.0714725653 1.0659299357 1.023361412 0.9793412398 0.9347967598 0.8823484015 0.9124230221 0.8900980887 0.9166218246 0.9060361189 0.9093359368 0.9318655778 0.823559486 0.8922354596 0.9030386111 0.8397700377 0.7892449773 0.8072708594 0.7298770196 0.6780180287 0.7101959269 0.6993724837 0.65231323 0.7474493732 0.8562625445 0.8383345824 0.9314720455 0.9781774181 0.9391235971 0.9269340192 0.9785550631 0.9966993568 0.9957234949 1.0476301543 1.0496195239 1.0308665625 1.0103484959 1.0496266728 1.0914924863 1.0558565531 1.070852677 1.0415719394
1.13952858 1.1416258989 1.1255978329 1.1305775912 1.1281688011 1.1134242978 1.1203803489 1.0910033466 1.0917273993 1.0736562418 1.0823473378 1.0531950216 1.0234873849 0.9551370483 0.9334619337 0.9293268341 0.8536516428 0.8320987671 0.8769557152 0.8939137047 0.8359888746 0.812649219 0.8382750145 0.8450153812 0.8586891424 0.8098903489 0.6994460455 0.7498698572 0.7641483692 0.6682981194 0.7425035672 0.7449226099 0.7048490665 0.8018901266 0.7112166213 0.7153006723 0.9158704501 0.9730317706 0.9298277526 0.9552843308 0.9977152643 0.9706221947 0.9802503854 1.0593550723 1.0602967896 1.032602864 1.0586091964 1.0665685703 1.0906878069 1.0782063094 1.0624461157 1.0649273735
1.13942155 1.1365984844 1.1114440988 1.124262213 1.1280344985 1.1210987537 1.1302055694 1.1092108479 1.109099801 1.1091641186 1.0552753756 1.0316727348 1.012876776 0.9429970034 0.9083525601 0.860674166 0.7864232303 0.7809569828 0.7727246662 0.8904331102 0.7400312884 0.6670954635 0.7914612265 0.8932062894 0.8499006512 0.7894863651 0.7786488002 0.7564502899 0.6487839297 0.6557542586 0.6995784455 0.6312189897 0.6610578472 0.7211025206 0.7114646916 0.6648074094 0.9070388482 0.9095499447 0.9414541011 1.0400853154 1.005351352 1.0256453529 1.0145495886 1.0297115168 1.0212845606 1.0377097197 1.0529489898 1.0745222063 1.0931053974 1.0803400367 1.0700520965 1.0597330359
1.1186874107 1.111476404 1.1223108955 1.110639661 1.1170490125 1.1065139943 1.118775598 1.1103134551 1.1105716031 1.0839944381 1.0470166661 0.9782796244 0.9601364805 0.9085029683 0.8751464972 0.8159144591 0.7999806211 0.8539737512 0.8846955406 0.8005341959 0.751443362 0.5561906733 0.6648060432 0.6948176049 0.7235087494 0.8164684987 0.7379720576 0.5968174492 0.6002856427 0.729331755 0.527620091 0.5667306194 0.7237688688 0.6697718321 0.8216323626 0.8925109025 0.9101943431 0.9041042022 0.9616026491 1.0051396806 1.0180905337 1.0075944223 1.0241086999 1.0125374486 1.0228854223 1.0430605862 1.041119061 1.0746190181 1.0671610495 1.0654134154 1.0662404782 1.0885676982
1.1115943052 1.113577133 1.1069516931 1.116175059 1.106612657 1.0947296877 1.0795410775 1.1094466289 1.1047138852 1.0636252065 1.0605526107 0.9818112104 0.9483313271 0.9122010056 0.8006501541 0.8976828469 0.8677363787 0.8904547555 0.8744608741 0.8681504359 0.7128794594 0.6404091963 0.7259148652 0.6693853112 0.7781762797 0.474213294 0.4628490708 0.6698936677 0.7398743828 0.5223520133 0.4135030245 0.6345998021 0.739279085 0.6740247058 0.847268509 0.858103429 0.863863728 0.9137905556 0.928598126 0.9677011475 1.0236017888 0.9749473772 0.9918795935 1.0121757699 1.0248257905 1.0439667171 1.0719781993 1.0671502511 1.059006434 1.0985629864 1.0906079689 1.1081967253
1.1244290575 1.1247235097 1.121279041 1.1179392113 1.1135401071 1.1047945837 1.0887005796 1.1108193657 1.1052731927 1.0951583332 1.055696454 1.0684480135 1.0314247315 0.9511839854 0.8566141553 0.9220581764 0.9067778371 0.8921687922 0.9261278091 0.8509640621 0.7904767227 0.7665085282 0.8059724874 0.778166205 0.5421623664 0.5534976514 0.6269859756 0.7429491292 0.675693784 0.6814906855 0.620528728 0.6049045281 0.7138224032 0.7728835621 0.7914003188 0.9092160665 0.9146551845 0.9252637222 0.9674545503 0.9912611891 1.0141829998 0.9691876879 1.0422008165 1.057890539 1.0453226493 1.0900306692 1.0948055117 1.0979211099 1.1035014865 1.0849801018 1.079851368 1.0955235827
1.1375698656 1.1194964086 1.1234142205 1.1318231421 1.1008639772 1.119184734 1.0999733604 1.0853047412 1.0843672526 1.0769598497 1.0942510411 1.0641699475 1.0141281964 1.0158124141 0.9378226241 0.9395000803 0.9204650481 0.8962882152 0.9141094 0.8391568227 0.8020341791 0.8107736076 0.7807515149 0.8041298342 0.6518772224 0.7801081758 0.6354391066 0.7092838074 0.7851637041 0.6198402533 0.4586763039 0.543291171 0.7406730546 0.8059964117 0.789456414 0.870793405 0.8679202494 0.9453881293 0.9115729455 0.9689173723 1.0327966057 1.0467360987 1.051307849 1.0530470924 1.0459588452 1.0502111599 1.0975035419 1.1099742919 1.108741085 1.0983321129 1.0918160442 1.1104958488
1.1354292037 1.1105001475 1.1091505635 1.0897583097 1.1195907151 1.1213594812 1.1052453252 1.1024309452 1.0493544471 1.0389472808 1.0990838325 1.0517731938 1.0589459078 0.9886424488 0.99884154 0.9795518934 0.9438977231 0.8936181689 0.8535850172 0.8379338669 0.8439557666 0.7677229408 0.783737789 0.7096969534 0.6997079809 0.6369369229 0.7001970021 0.7338846336 0.5865408922 0.5178089838 0.5193508999 0.626481111 0.723463673 0.7273218872 0.840799634 0.8446590814 0.9211810457 0.7738889913 0.924879423 1.0233114424 1.0155093249 1.0631779461 1.0659917717 1.0770182177 1.082882964 1.044512689 1.0970397355 1.1185304627 1.1205926236 1.0938803754 1.093463911 1.1177738603
1.1193033638 1.12384776 1.0914789422 1.1153182312 1.0986561909 1.1339054766 1.1336611799 1.0945768555 1.0624493811 1.0459239383 1.0436549908 1.0568516687 1.0574639514 1.0390644604 1.0304712411 0.9888684414 0.9761519302 0.8224306636 0.8121737326 0.8337906105 0.7676989002 0.8061637112 0.7429968325 0.6446858724 0.7263532335 0.6459629854 0.8044919923 0.7646303696 0.5989686143 0.739717425 0.5025053601 0.5284510316 0.6956655704 0.6654259613 0.7711045326 0.8611945416 0.8481525045 0.8853279268 0.8917626783 0.9844319573 1.0443383239 1.045658697 1.0515268002 1.0828771092 1.0903029655 1.0967857717 1.0997739667 1.0968440893 1.1158340717 1.1251054848 1.1016933868 1.1276564383
1.1223900122 1.1057906825 1.0936618517 1.0983309492 1.1172237913 1.1272052832 1.1229697195 1.0933088001 1.0863519951 1.0621515075 1.0702100829 0.9740296765 0.9891318511 0.9367707852 1.0197952884 0.9550677628 0.9320208752 0.841390601 0.771110604 0.7587845848 0.768467831 0.7876301133 0.7820863527 0.75699526 0.7143919404 0.8551422542 0.7697540504 0.8226226927 0.736394226 0.6246176872 0.7053175243 0.7581992042 0.7026533225 0.6793398492 0.7690618759 0.9129494249 0.8769676892 0.9171986459 0.9455441067 0.9713781673 0.9973268304 1.0306061293 1.0934723866 1.0872271165 1.0799501233 1.1140283206 1.0833261785 1.0700978524 1.0697470402 1.1085043935 1.1113109244 1.0983706121
1.1111855405 1.0981665567 1.0901053572 1.1028689403 1.1142143496 1.1034610291 1.0775431652 1.0800074042 1.0044465084 1.0517362774 1.0566720081 1.1060469289 0.8531809534 0.9043678436 0.9012448323 1.0082244929 0.8299992859 0.851489479 0.8330126188 0.7668628916 0.7461125227 0.8321066627 0.7829218759 0.7804414336 0.8338080663 0.8142738859 0.7133405966 0.7378017262 0.6981598334 0.7324899356 0.6523752107 0.7777988335 0.7241492187 0.7365789149 0.8264105945 0.8467850148 0.917343588 0.9614941806 0.9826510572 0.9451029482 0.9941858047 1.0633250426 1.0704767481 1.0578739899 1.0890365474 1.0695305703 1.0800985013 1.0532339802 1.071252841 1.0811515078 1.1229506613 1.098403049
1.1018215442 1.0826275736 1.0927935889 1.0949767403 1.034307716 1.0382345382 1.0670438164 1.0322341445 1.0247564363 1.0586050523 0.993755967 0.8495961126 0.8718340534 0.9727867891 0.9033917297 0.9974751342 0.9997735266 0.9338677436 0.8783477472 0.7168832663 0.8030697535 0.7593378776 0.7698656708 0.8678508122 0.7735131334 0.8116744711 0.7033205249 0.6648980849 0.7740406493 0.7108881452 0.6221323795 0.7401074336 0.6655489422 0.8835932427 0.8592781463 0.9056968779 0.9221301631 0.9853088046 1.0133795817 0.9954145455 1.0087813657 1.0718204828 1.070119345 1.0784330886 1.0865793477 1.0943445666 1.0877937476 1.0809481261 1.0640169937 1.0947468738 1.0962130963 1.1171614835
1.1067111386 1.0893296932 1.0684506359 1.0962988348 1.025619376 0.9075002137 1.0768839722 1.0721869803 1.0034088902 0.9506106153 0.6183907143 0.8372064881 0.9190912649 0.9177829787 0.9793080157 0.9651435502 1.0222830348 0.9171126296 0.9340127114 0.8613948913 0.7792266638 0.8152505615 0.7235613965 0.8050606564 0.7625408464 0.8098248543 0.7170938603 0.7435238262 0.8026026546 0.8003904233 0.5050297942 0.5529094419 0.8211007043 0.8081586037 0.839524452 0.840783379 0.9311585965 0.9228511051 1.0142332815 1.0285659797 1.0298237768 1.0834613035 1.0417674677 1.0751155201 1.0939322466 1.0800468945 1.0663999304 1.0957372738 1.107163233 1.0928762734 1.098046993 1.0929497467
1.1113992442 1.0888934439 1.0743196861 1.087084299 1.000117561 1.0187545711 0.9555774448 0.9281483205 0.9978870117 0.7990383774 0.8026925719 0.4739315906 0.9310730677 0.7416922829 0.8334633579 0.9821686 0.9604506439 0.9650017552 0.7825176774 0.818990841 0.8736242179 0.5946756062 0.6866991001 0.6798584596 0.76955495 0.7967795409 0.6908466077 0.7289179637 0.7612410163 0.6348193924 0.5068756899 0.6388472595 0.8430024221 0.8162325293 0.7659695145 0.8327072133 0.9147237618 0.9279567967 0.9406438357 1.0040205744 1.0407156254 1.0508285507 1.0359482588 1.0022035438 1.0542809271 1.0813680446 1.0848021436 1.1012196483 1.1054344504 1.0794777038 1.0945719054 1.093345395
1.0974758916 1.0988474821 1.0817823796 1.0479199115 0.997967505 0.9397060398 0.9082257608 1.0338188618 0.9641892524 0.8934840938 0.8160435812 0.7665878169 0.5759892468 0.7906089202 0.9834440924 1.0061312874 0.9527973546 0.8846756874 0.9529978176 0.8064024166 0.6870911254 0.8316296157 0.7239058366 0.7810388141 0.7044650648 0.7282254057 0.7406311154 0.7272747862 0.6820050276 0.7287026026 0.7051114795 0.7330899635 0.889989397 0.8757702943 0.7993169487 0.8090712472 0.8436494965 0.9301188791 0.9245583535 0.9763058482 1.0069661748 1.020743926 1.0212249642 1.0247295404 1.0558418595 1.0443113006 1.0863104868 1.1054787476 1.0835175728 1.082249085 1.0902479946 1.0829272316
