experiments/figures/20000.asc
NCOLS 101
NROWS 101
XLLCORNER 0
YLLCORNER 0
CELLSIZE 0.990099
NODATA_VALUE NaN
[rows 0 to 22 of 101, columns 0 to 51 of 101]
1.1281215596 1.1336073599 1.132411904 1.1342558025 1.109723271 1.1188305262 1.104871299 1.0969653663 1.1298491158 1.1117507871 1.1143479283 1.1270983715 1.1120752395 1.0890837761 1.0884951005 1.0560939559 1.0690960293 1.0705046129 1.0379179665 0.9919443368 0.9179705436 1.0749138191 1.0918483857 1.0590565314 1.0401395067 1.0835780599 1.0943134762 1.0136261124 1.0648735815 1.0356589164 1.0172949927 1.0794631211 1.0489003875 1.0787584031 1.0624256265 1.0550381664 1.0432249698 1.0080593017 0.9957270846 1.0703023606 0.9504719401 0.9340820965 1.0892236453 1.0997585358 1.0282157972 1.1109539258 1.0769119215 1.0844999015 1.056837131 1.0541506605 1.0678638334 1.0431110495
1.1226344125 1.138915138 1.1414801777 1.1316219022 1.0944750158 1.1245238192 1.1105932094 1.1123649463 1.1011664744 1.1263937551 1.1308744621 1.1278078137 1.1237073156 1.1141359939 1.098171387 1.0922384198 1.0670349362 1.0847597096 1.0782534034 1.0678126686 1.0707865031 1.0808535947 1.0839813137 1.0917714519 1.0753544316 1.0518388738 1.0885100958 1.0730078467 1.0627216927 1.1083619759 1.1068922878 1.0835776831 1.0892483749 1.0761589646 1.0748320509 1.0772099276 1.0281942398 1.061698686 1.0725302753 1.0595509415 1.0843247588 1.079772858 1.0181471481 1.0293059126 1.0268095159 1.0985249878 1.0983729297 1.0781291488 1.0708634372 1.0656394168 1.0582661573 1.0406887616
1.1342297813 1.1386609431 1.1319361663 1.1243306956 1.1279309125 1.1112197313 1.1291315468 1.1010933596 1.1063103645 1.1329509996 1.1286536492 1.1284238172 1.1320323236 1.1337820694 1.1091467405 1.0899217373 1.1104640582 1.0963438303 1.1023556731 1.0947907926 1.0952732974 1.0881906307 1.0951932247 1.0697965349 1.0674525749 1.088393228 1.093307888 1.1197160117 1.1183801326 1.1032343501 1.11691587 1.1071727244 1.0987766671 1.0879816174 1.066696232 1.0907299478 1.0772430622 1.0730786791 1.0943335845 1.0771063546 1.0917346826 1.0920451194 1.0887560343 1.0899498333 1.1064221942 1.0978574217 1.0705338727 1.0649679792 1.0643313854 1.0692841751 1.0645936267 1.022231134
1.1368160764 1.1334637827 1.1218265225 1.1414581052 1.1334860438 1.1368468569 1.114525825 1.137639792 1.1247671572 1.1248588006 1.1323905357 1.1362651807 1.1326669639 1.1182776448 1.0967609168 1.1019217278 1.1150697687 1.1032691646 1.1074178227 1.1094642207 1.0968701811 1.0922259323 1.0652482077 1.0827544949 1.0878292423 1.0903596612 1.0900150506 1.0835905174 1.1038842398 1.1241614677 1.1027451417 1.1159341464 1.1182588926 1.1131182953 1.1067609746 1.1063355026 1.106889412 1.1065515633 1.1063232749 1.1129509458 1.1146203315 1.1044239459 1.1089476707 1.1116523287 1.0967800864 1.0928446178 1.1038684044 1.0547304228 1.0589440681 1.066448344 1.0210931402 0.9838488622
1.1416258989 1.1386691732 1.1382768135 1.1236566188 1.1416258989 1.1337244573 1.1229787132 1.1253805234 1.1298809495 1.1416258989 1.1401052507 1.1239386623 1.1264996643 1.1215886154 1.0955011844 1.1144156862 1.101675092 1.0855690363 1.0962782031 1.1165932403 1.107212248 1.0941376497 1.1076261444 1.0974928023 1.1049972607 1.0949514997 1.0980218103 1.0956663235 1.1041961459 1.1032446167 1.1234866946 1.1177909599 1.1161752295 1.115868594 1.1212124147 1.1173328758 1.1108646981 1.097265919 1.1169061822 1.1257697282 1.1268113997 1.1157736969 1.1252785555 1.1255060428 1.111678668 1.0890103271 1.0688977839 1.0810635195 1.0322456586 1.0116231035 0.9556690801 0.921252226
1.1416258989 1.1334850065 1.1274026888 1.1332611138 1.1372220998 1.12601798 1.1354207376 1.1359561076 1.1416258989 1.1379210007 1.1404091436 1.1325816667 1.1207289412 1.1360433089 1.1137179286 1.1128713526 1.1048780448 1.1157978075 1.1015019219 1.1288903994 1.1218123492 1.1184417681 1.1107020413 1.123347699 1.1294513506 1.1105100129 1.1209387185 1.1359239217 1.1227226024 1.1114151045 1.125379373 1.1192173318 1.1283387623 1.1227167793 1.1081541899 1.1147775857 1.1228362186 1.1221470064 1.1033780067 1.1293946595 1.113475749 1.1336007419 1.1065128694 1.1158410541 1.11428455 1.0982724468 1.0929844037 1.0454247088 1.0150434794 0.9737729242 0.8725574665 0.8839578062
1.1416258989 1.1372038097 1.1256009375 1.1337034607 1.1364799972 1.1262205662 1.1332924986 1.1416258989 1.1300148647 1.1343064687 1.1103570589 1.1282979773 1.1242127561 1.1267092142 1.1378277389 1.1032988491 1.1279091266 1.1409290096 1.1321699157 1.1222725488 1.1366085089 1.1181776452 1.1146427711 1.1335262468 1.1304431997 1.1205052485 1.132044332 1.1341476594 1.1272120942 1.1222920843 1.1228078653 1.1336220531 1.1373224252 1.1330746388 1.1151151329 1.1188499055 1.1183042484 1.1172681218 1.1136280417 1.1218347518 1.1364051627 1.1204918538 1.1037485557 1.1066650431 1.1146183997 1.102442288 1.0982129978 1.0582999212 1.043836893 0.9928435106 0.8771520556 0.8487865026
1.1416258989 1.1365881354 1.1230698851 1.1376549464 1.1375368389 1.130916463 1.1333807315 1.1332349251 1.1309324384 1.10492891 1.1249058341 1.1171843977 1.1045365429 1.1359611567 1.1353013695 1.1331769202 1.1292451627 1.1335983756 1.1343577651 1.1416258989 1.1254914304 1.1285645693 1.1258549816 1.1281624629 1.1376306883 1.1331557429 1.123149505 1.1322553584 1.1340605576 1.1322743042 1.1262279506 1.139329646 1.1402706751 1.1239301105 1.1319862423 1.1203113088 1.1177827573 1.1194743738 1.123496811 1.1250195218 1.1281481364 1.122583312 1.1137238123 1.103269895 1.1197251242 1.1198965383 1.08586364 1.0557857612 1.0427608173 0.9978875198 0.808135437 0.8446098071
1.1416258989 1.1416258989 1.1367375984 1.1368209234 1.1307019507 1.1359419853 1.1416258989 1.1416258989 1.1330103678 1.1184551393 1.1251467594 1.1343470223 1.1316366633 1.123493252 1.1416258989 1.1402891776 1.1397203309 1.1351941248 1.1302705312 1.1252099113 1.1358030994 1.1340148808 1.1306961171 1.1316875399 1.1334804307 1.1314092314 1.1354465114 1.1270308089 1.1416258989 1.129029811 1.122478309 1.1277571931 1.133173968 1.1400397164 1.1200542915 1.1171777644 1.1179890267 1.1206229453 1.1302393934 1.1343397409 1.1351254263 1.1305060293 1.1072621298 1.0982619208 1.0975408584 1.1021360312 1.1061727972 1.0358806477 1.0088127017 0.9181530361 0.7905441975 0.8159230577
1.1416258989 1.1416258989 1.1416258989 1.1416258989 1.1416258989 1.1416258989 1.1373113848 1.1374227572 1.1155204829 1.1247323489 1.1332508801 1.1395806141 1.1317971311 1.1337386606 1.1323447442 1.1283916484 1.1416258989 1.1416258989 1.135664495 1.127190154 1.117283409 1.1171696665 1.1416258989 1.1363676403 1.1416258989 1.1334296093 1.1416258989 1.1416258989 1.1342761704 1.1316432199 1.1353798742 1.1336943138 1.1203615973 1.1257105703 1.1045030084 1.134560308 1.1335727864 1.1352832525 1.1366086994 1.1211017449 1.1226547828 1.1158456853 1.1158881451 1.0896102706 1.0961150793 1.0910047154 1.0831109581 1.0337632396 0.9825444386 0.8933147856 0.8548159178 0.71390997
1.1416258989 1.1416258989 1.1416258989 1.1416258989 1.1416258989 1.1416258989 1.1416258989 1.1331258445 1.1186561202 1.1369603237 1.1397622854 1.137901942 1.1416258989 1.1190404819 1.1308227562 1.1327077154 1.1308968653 1.1377374173 1.1298831579 1.1234643445 1.1111419958 1.1129801644 1.1225947743 1.1323320215 1.125946689 1.1359819597 1.1416258989 1.138752908 1.1416258989 1.1363814702 1.136197024 1.1320144263 1.1188266078 1.1096033818 1.1028063201 1.1307162919 1.1308596926 1.1277756371 1.1369292238 1.1378172872 1.1369089425 1.1220304926 1.1199717414 1.1035318335 1.1068945687 1.105948302 1.07095367 1.0398146346 0.7842044018 0.9345149622 0.7872619232 0.7629357756
1.1416258989 1.1416258989 1.1416258989 1.1416258989 1.1416258989 1.1416258989 1.1416258989 1.1371010107 1.1416258989 1.1326720739 1.1320190203 1.1364647012 1.1357126102 1.1330543691 1.1203479691 1.1296780199 1.1373398507 1.110837224 1.1141188008 1.088700841 1.0773314393 1.1278786603 1.1048771397 1.1093351993 1.1232937767 1.1202775105 1.1295382451 1.1350999486 1.1412778812 1.136381357 1.1363822033 1.1215503639 1.1214001818 1.1091457889 1.1260754455 1.1360788846 1.1305834797 1.1350269437 1.1247300057 1.1317561968 1.1383863211 1.1248127649 1.1220695348 1.1206448503 1.1119360818 1.031561378 0.9897628156 0.817358992 0.7566017328 0.901325786 0.8081047485 0.9047835994
1.1416258989 1.1416258989 1.1416258989 1.1363870882 1.1416258989 1.1416258989 1.1370023927 1.1376175653 1.1373829479 1.1342027781 1.1366799547 1.1416258989 1.1333711905 1.1140867851 1.1314481479 1.123734799 1.1079222328 1.0985469528 1.0977937453 1.0808170766 1.1107299199 1.1059648252 1.1047876735 1.1083774461 1.1152311526 1.1329461635 1.1197329686 1.1269551176 1.1208800652 1.1255140845 1.1275390717 1.1152735162 1.1050784712 1.1188593248 1.1296988633 1.1309327612 1.128927923 1.1299001066 1.1318342723 1.1276394148 1.1252107766 1.1212759914 1.1199916438 1.1059584788 1.1113245937 1.0872630963 0.9679147978 0.8341151762 0.7219890809 0.9449485264 0.9428857614 0.9360704026
1.1416258989 1.1416258989 1.1416258989 1.1416258989 1.1364485723 1.1366441827 1.1221254316 1.1326902468 1.1300017752 1.1226132096 1.1388844807 1.1333885269 1.1118055835 1.1244757807 1.1189285817 1.1133796656 1.1228406025 1.0883772119 1.0932432645 1.100786637 1.1051051912 1.0987799179 1.1166991592 1.1015801544 1.1028900855 1.1085419639 1.1032946523 1.1107071351 1.1304838116 1.1172519482 1.1197282353 1.102696891 1.1169307275 1.1130184794 1.1325972628 1.1268030661 1.1414377373 1.1222359195 1.1199534451 1.1320817022 1.1296597201 1.1197370063 1.1156090676 1.1244886498 1.1031798573 0.9912327744 1.0836605202 0.6641588581 0.5700427219 0.8747745525 0.805617256 0.913726229
1.1416258989 1.1416258989 1.1416258989 1.1365119518 1.1316793113 1.1222104673 1.1274341233 1.1078786367 1.11455525 1.1226800553 1.1228227841 1.1275428412 1.1086436883 1.1100043881 1.1173434609 1.1153441273 1.1173557604 1.1011654528 1.1234073535 1.1210203203 1.0922731072 1.1060441137 1.1037042268 1.0726343177 1.1128615869 1.0866801432 1.0871999495 1.0865236508 1.0586052946 1.1061271365 1.098497385 1.1081823012 1.1205158332 1.122965095 1.1234914762 1.119164039 1.1051574386 1.118479859 1.1139132505 1.1085487912 1.1219861336 1.1252581162 1.1098681434 1.1184963756 1.116590996 1.0442849046 0.9600362965 0.8417608204 0.6616747802 0.9725683796 0.7388288419 0.7411405763
1.1416258989 1.1416258989 1.1416258989 1.1416258989 1.1416258989 1.1416258989 1.1063412477 1.1222842214 1.1113964014 1.1085397566 1.1213221809 1.1087638505 1.1248257632 1.1049805268 1.1081678701 1.1097905162 1.0929263335 1.1101989715 1.1059379893 1.1177948538 1.1091990358 1.0957689412 1.090887429 1.0845798017 1.0531490149 1.0635239721 1.0731365026 1.0541584929 1.0408004686 1.0999647691 1.1139301548 1.1208103999 1.1022270872 1.1024935456 1.1069814109 1.0984058691 1.0967502608 1.0633415038 1.0862410878 1.1028711682 1.0903996839 1.1082271467 1.1020307415 1.1262039368 1.0882553661 1.0702183445 1.0503022702 0.9301736191 0.8618410076 0.6352506365 0.7716471215 0.7233285004
1.1416258989 1.1416258989 1.1416258989 1.1416258989 1.1416258989 1.1367097186 1.132763765 1.1311239369 1.1267447026 1.1105125933 1.1110255615 1.0967357325 1.0922396589 1.1132438098 1.0913098359 1.0773935742 1.0997194182 1.0840644316 1.102092873 1.0835229303 1.0791873013 1.0858251171 1.0712553562 1.0630455988 1.0562121365 1.0795095477 0.9790634291 0.9314452094 1.0941124131 1.0240328148 1.0069866478 0.927515849 1.1032542247 1.0919151715 1.082613082 1.0910671659 0.9540448453 1.0603296972 1.0477628222 1.0526457 1.0859754187 1.0896206437 1.0868195207 1.0963848155 1.0986376443 1.0824010349 1.0491536748 1.0109313867 0.8408631097 0.7629213082 0.6921940704 0.8272592959
1.1416258989 1.1416258989 1.1416258989 1.1416258989 1.13464941 1.1339526741 1.1378762746 1.1288231199 1.1223110113 1.1254457221 1.1189842235 1.0939315629 1.0846065201 1.0746815222 1.0792584341 1.0677444888 1.0707541067 1.1024407018 1.0822668038 1.0607931396 1.068944612 1.0921267518 1.0765310885 0.9988249986 1.0173593947 0.9478599616 0.9958856359 0.9428475752 1.0782063224 0.991984122 0.9898422478 0.6956159171 0.7410455232 0.9119204724 0.9713833559 0.8751142427 1.0787074631 1.0514657523 1.0588490385 1.0519363734 1.0658435777 1.0824018477 1.1040123547 1.0552083268 1.0685716149 1.0536718235 1.0522218609 0.9887973449 0.7332010416 0.8247738279 0.763744969 0.7710645763
1.1416258989 1.1416258989 1.1416258989 1.1342428318 1.1343917084 1.1270886224 1.1187617399 1.1140980556 1.1169071497 1.0944184259 1.0937350149 1.1146884882 1.0770475024 1.0418656101 1.0325248902 1.0648146528 1.0614351495 1.0614522296 1.0916776427 1.056253079 1.0336720712 1.0419205912 0.977112243 1.0098360183 1.02721307 0.9694031526 0.9599838923 1.0368895325 0.9028442055 1.068421407 1.0324949844 1.0115482767 0.7704350301 0.7895434418 0.9821104407 1.0606162043 1.0596014974 1.0652790724 1.0315285779 1.0566943209 1.0506383446 1.1136991076 1.0671349657 1.0704270923 1.0774101937 1.0664984932 1.0524539431 0.9428189424 0.8276013689 0.565247058 0.5381502623 0.8033649266
1.1325686809 1.1416258989 1.1394759252 1.1329039182 1.1262762881 1.1327935375 1.1193046147 1.1128974812 1.1068064173 1.1199694901 1.0870854202 1.0951964601 1.0487633026 1.021970317 1.0442213225 1.0622770568 1.0379085011 1.0521045786 1.0425253343 1.0487550083 1.0002456728 0.9846467824 0.9809547785 1.0011747034 1.0156852456 0.9733235882 0.9678815984 0.9424124207 0.9759531215 0.991741814 1.0801201285 1.101663376 0.8949443695 0.9999755122 0.9485458947 1.0595971403 1.0515181065 1.0471279758 1.080421196 1.0533388631 1.0979112076 1.0785252864 1.0817346106 1.0673948943 1.0736888418 1.0702520345 1.0093520396 0.965033179 0.8685868487 0.8252575501 0.7117514686 0.6954335222
1.1416258989 1.1416258989 1.1362046427 1.1416258989 1.1328554961 1.1281584405 1.1235385292 1.1201546474 1.100450744 1.1186672233 1.114699917 1.0977308273 1.0705576393 1.0455729631 1.0331039996 0.9996675341 0.9476679105 0.9740832062 1.0440168828 0.9796512112 0.9986263439 1.0247642618 1.0108699639 0.989026677 0.9555138281 1.0092953838 1.0223937965 1.0364656275 1.0246132672 1.0521278744 1.0852385135 1.0563059173 1.0279305674 1.0423055392 1.0582876775 1.0470801535 1.0732538103 1.0666439718 1.0336657791 1.04527302 1.0908072627 1.0948208016 1.090407983 1.0731325213 1.0780922527 1.0718352459 1.0416842406 0.9550482018 0.93834348 0.8436545794 0.7860849193 0.8030469049
1.1416258989 1.1396437586 1.1334408485 1.1332893416 1.1385697859 1.1317008022 1.1279883767 1.1123886089 1.1069377258 1.1109322987 1.1139863286 1.1099469947 1.08678662 1.0615335661 0.9949139803 0.948970901 0.9708178295 1.0243203721 0.9527199373 1.0259857873 1.0249854393 0.9981650697 1.0120081856 1.0020554466 0.9173245213 0.957531763 1.0053429321 0.9771102245 0.9926113266 1.0023080922 1.0337154548 1.021745385 1.0196550068 1.0099892923 1.0860921829 1.0513812403 1.0715606198 1.0765901613 1.0196686526 1.0760350595 1.0774390114 1.0943021968 1.0846162962 1.0715990017 1.0634444513 1.0531870265 1.0584074054 1.0424282548 0.9644718691 0.9194782187 0.8722484286 0.9308001636
1.1416258989 1.1383851764 1.1329664679 1.1321209399 1.1315177705 1.1271265989 1.1200228905 1.104233028 1.0931351059 1.110240305 1.0916642571 1.1061160861 1.0859691529 1.0531252446 0.9673145595 0.907601495 0.9412966038 0.9936978123 1.0240107991 1.0234495738 1.0411876795 1.0376547646 0.9594486366 0.9239511965 0.9288869944 0.9393902933 0.9431244063 0.9273257146 0.9526687343 1.0453195324 1.0151601065 1.0375961583 1.0378020313 1.0019218767 1.0436348312 1.05216259 1.0567524114 1.0477034128 1.0452799269 0.9734827182 1.0861577148 1.084257135 1.0944952423 1.0743581043 1.0853370519 1.0546589316 1.066001403 1.0289580228 0.9915240836 0.9209460772 0.9354451319 0.9273012785
