experiments/figures/3000.asc
NCOLS 101
NROWS 101
XLLCORNER 0
YLLCORNER 0
CELLSIZE 0.990099
NODATA_VALUE NaN
[rows 23 to 45 of 101, columns 0 to 51 of 101]
0.1537006859 0.1369105381 0.137393647 0.1601386525 0.1693055046 0.1777739428 0.1733654961 0.166424533 0.1698011662 0.1902021735 0.1524927415 0.160854622 0.1597801282 0.1464979546 0.1696580542 0.1677446047 0.1676953221 0.1829827807 0.1924425442 0.1916984955 0.1917299959 0.176282911 0.1784027733 0.174900743 0.1913306658 0.1817198337 0.1788747548 0.1971787998 0.1935927013 0.1993321681 0.1996061427 0.2008313503 0.2008738038 0.2005998331 0.2003122476 0.2002961611 0.2009161468 0.2000540472 0.2006294655 0.2009161468 0.2009161468 0.2006600677 0.2009161468 0.2009161468 0.2009161468 0.2009161468 0.2009161468 0.2009161468 0.2009161468 0.2009161468 0.2009161468 0.2009161468
0.1568609391 0.1527124466 0.1516974979 0.1574902047 0.1697276819 0.1632589813 0.1621221835 0.1705719544 0.162550546 0.1894405112 0.1800454721 0.1652325139 0.1476562757 0.1750388072 0.1605173186 0.1402611848 0.1589714701 0.1834429685 0.188777836 0.1849021153 0.1860550844 0.1851156404 0.1834456857 0.1878248568 0.1914866177 0.1700008655 0.1661510197 0.1944289832 0.1987252535 0.198969425 0.2006634874 0.2007278335 0.2006942282 0.2006144895 0.2004393635 0.2001671047 0.2006211989 0.2009161468 0.2009161468 0.2009161468 0.2009161468 0.2009161468 0.2009161468 0.2009161468 0.2009161468 0.2009161468 0.2009161468 0.2009161468 0.2009161468 0.2009161468 0.2009161468 0.2009161468
0.1621326688 0.1560040729 0.1658962824 0.1613441998 0.1590826153 0.1724032589 0.169496205 0.1518096233 0.1540963595 0.1658158652 0.1656341642 0.171990544 0.1620511037 0.1704635337 0.1489304705 0.1569228256 0.1754010071 0.1721346733 0.1663035388 0.1792500678 0.1862322947 0.1853152876 0.1861721698 0.1648925908 0.1655660188 0.1796506907 0.1697933002 0.1965707258 0.1957240802 0.1990091094 0.2002388982 0.1995955949 0.2009161468 0.2009161468 0.2009161468 0.2006103167 0.2009161468 0.2009161468 0.2009161468 0.2009161468 0.2009161468 0.2009161468 0.2009161468 0.2009161468 0.2009161468 0.2009161468 0.2009161468 0.2009161468 0.2009161468 0.2009161468 0.2009161468 0.2009161468
0.1746659612 0.1657362015 0.1533966451 0.1578255338 0.1624270911 0.1692292838 0.1705840934 0.144535878 0.1709660707 0.1777487376 0.1677583959 0.1805720216 0.150253948 0.1548003673 0.155011633 0.1482901876 0.1473109173 0.1598974866 0.1550423108 0.1506536206 0.1511316715 0.1702329671 0.1588328005 0.1259487871 0.1294811847 0.1588191561 0.1763102336 0.1929008456 0.1956504367 0.1974714645 0.1997775695 0.2003607655 0.2003567606 0.2009161468 0.2009161468 0.2006090744 0.2006079013 0.2009161468 0.2009161468 0.2009161468 0.2009161468 0.2009161468 0.2009161468 0.2009161468 0.2009161468 0.2009161468 0.2009161468 0.2009161468 0.2009161468 0.2009161468 0.2009161468 0.2009161468
0.1649150928 0.1505860575 0.1511247148 0.1640750072 0.180080844 0.1845088575 0.1874944992 0.1873433961 0.1891445816 0.1889886561 0.1875099747 0.1667787343 0.1698750607 0.1310794119 0.1545790283 0.1532015101 0.1480863648 0.1530385602 0.1483593055 0.1425871354 0.1596797941 0.1694263553 0.1160612508 0.1260266346 0.0972439425 0.1320472061 0.1840259067 0.1949150023 0.197590814 0.1984161795 0.1997341926 0.200887717 0.200885803 0.2009161468 0.2009161468 0.2004012351 0.2003708162 0.2009161468 0.2009161468 0.2009161468 0.2009161468 0.2009161468 0.2009161468 0.2009161468 0.2009161468 0.2009161468 0.2009161468 0.2009161468 0.2009161468 0.2009161468 0.2009161468 0.2009161468
0.1525308225 0.1526919502 0.1650335037 0.1768283286 0.1647202789 0.1719773929 0.1802506584 0.18549479 0.1921078158 0.190808172 0.1838125576 0.1751671913 0.1543027523 0.1278770859 0.1498855554 0.1584223094 0.1767378527 0.1421431439 0.1374509678 0.1509151721 0.1602233172 0.1387071344 0.1716504101 0.1050686201 0.1108373178 0.1821095838 0.1840137801 0.196165063 0.1962296211 0.197976743 0.1993453382 0.1997288059 0.2009161468 0.2009161468 0.2004308061 0.2009161468 0.2009161468 0.2009161468 0.2009161468 0.2009161468 0.2009161468 0.2009161468 0.2009161468 0.2009161468 0.2009161468 0.2009161468 0.2009161468 0.2009161468 0.2009161468 0.2009161468 0.2009161468 0.2009161468
0.1539551692 0.174945908 0.1837071641 0.1770082274 0.1728103995 0.1612565205 0.1843900407 0.1943337919 0.1834295198 0.1772461058 0.1854094034 0.1348464898 0.1241152278 0.1463542355 0.1305956092 0.1528236813 0.1481416404 0.1714744289 0.1520383783 0.176194068 0.1392166707 0.1482344263 0.1713937573 0.1096468955 0.1196053905 0.1699318789 0.1949120054 0.1943341153 0.1982821111 0.1979932736 0.1982954836 0.1999760368 0.2003542455 0.2009161468 0.2004594926 0.2009161468 0.2009161468 0.2009161468 0.2009161468 0.2009161468 0.2009161468 0.2009161468 0.2009161468 0.2009161468 0.2009161468 0.2009161468 0.2009161468 0.2009161468 0.2009161468 0.2009161468 0.2009161468 0.2009161468
0.1769617293 0.1773625155 0.1754224581 0.1835062073 0.1784852501 0.1742256015 0.190986759 0.1816069887 0.170307196 0.1719361749 0.1647636223 0.1529997986 0.1608218246 0.1378260944 0.1361087193 0.1085072658 0.1386518675 0.1698201698 0.1832382511 0.1884297385 0.17721833 0.1329616179 0.155340679 0.1546508086 0.1561133977 0.1822815152 0.1962091132 0.1953545802 0.1973292478 0.1972920445 0.1994195599 0.1992475105 0.2005140843 0.2004872617 0.2009161468 0.2009161468 0.2009161468 0.2009161468 0.2009161468 0.2009161468 0.2009161468 0.2009161468 0.2009161468 0.2009161468 0.2009161468 0.2009161468 0.2009161468 0.2009161468 0.2009161468 0.2009161468 0.2009161468 0.2009161468
0.165559534 0.167985714 0.1735905652 0.1846540219 0.1885446973 0.1884462378 0.1884573736 0.1933039871 0.1859186521 0.1665047017 0.1623890407 0.151923164 0.1649465477 0.144062894 0.150710454 0.134969167 0.1584521102 0.178323892 0.1502085661 0.1825682771 0.171211668 0.1503512942 0.129555087 0.145963872 0.1732532491 0.1813057064 0.1947850153 0.1954895246 0.1959159415 0.1985101221 0.1986880085 0.200291912 0.2008803276 0.2009161468 0.2009161468 0.2009161468 0.2009161468 0.2009161468 0.2009161468 0.2009161468 0.2009161468 0.2009161468 0.2009161468 0.2009161468 0.2009161468 0.2009161468 0.2009161468 0.2009161468 0.2009161468 0.2009161468 0.2009161468 0.2009161468
0.1906536114 0.1734279009 0.185374649 0.1826657685 0.1923537242 0.1884388141 0.1864056548 0.1903777723 0.1914935034 0.1846289825 0.1782905523 0.147327214 0.1465137439 0.1641883707 0.1392378841 0.1614372678 0.1659424927 0.1628141158 0.1421720813 0.155717223 0.1824657938 0.153858448 0.1302666821 0.1372348865 0.1759430101 0.1952358361 0.1973885726 0.1971995172 0.1980153244 0.1991374645 0.1974881168 0.2008279585 0.2002927302 0.2009161468 0.2009161468 0.2009161468 0.2009161468 0.2009161468 0.2009161468 0.2009161468 0.2009161468 0.2009161468 0.2009161468 0.2009161468 0.2009161468 0.2009161468 0.2009161468 0.2009161468 0.2009161468 0.2009161468 0.2009161468 0.2009161468
0.1897613059 0.1742066495 0.1622630874 0.1751445744 0.1845143075 0.1793322284 0.1857224021 0.1897577021 0.1862033771 0.1875369698 0.186713867 0.1568067072 0.1609406338 0.1434541982 0.1472690631 0.1664598725 0.1779588395 0.151663205 0.1506109293 0.1674799234 0.1609523729 0.1562625667 0.1206360047 0.1552157205 0.1920946193 0.1947123997 0.1954524382 0.1970923687 0.1991721129 0.1980954849 0.1969737758 0.1997223706 0.2008664272 0.2009161468 0.2009161468 0.2009161468 0.2009161468 0.2009161468 0.2009161468 0.2009161468 0.2009161468 0.2009161468 0.2009161468 0.2009161468 0.2009161468 0.2009161468 0.2009161468 0.2009161468 0.2009161468 0.2009161468 0.2009161468 0.2009161468
0.1819426021 0.1682956819 0.1561000362 0.1839191005 0.1715877459 0.1685635298 0.1926771822 0.1844771093 0.1820082248 0.1823407476 0.1700530574 0.1605049332 0.1638002249 0.1654961988 0.1512574818 0.1664582542 0.1548999896 0.1542876675 0.1446576786 0.1584205321 0.1892112495 0.1634053507 0.1215669055 0.1906413949 0.1941865176 0.1945984576 0.1965028735 0.1964120904 0.1967049941 0.1962432532 0.1975322822 0.2009161468 0.2009161468 0.2009161468 0.2009161468 0.2009161468 0.2009161468 0.2009161468 0.2009161468 0.2009161468 0.2009161468 0.2009161468 0.2009161468 0.2009161468 0.2009161468 0.2009161468 0.2009161468 0.2009161468 0.2009161468 0.2009161468 0.2009161468 0.2009161468
0.1795818082 0.1664485949 0.1736690866 0.1746418214 0.1848814637 0.1822367382 0.1759284347 0.1811648668 0.1834754185 0.1669828872 0.1572539145 0.1616812687 0.1576090021 0.1466547247 0.1635199212 0.1411036241 0.1467081968 0.1329405513 0.1503816502 0.1508163874 0.1362323823 0.1634410344 0.1598560259 0.1893624489 0.1826996688 0.1932996225 0.1949848752 0.1959479968 0.1972240618 0.1970543434 0.1997924224 0.1986401682 0.2009161468 0.2009161468 0.2003516283 0.2009161468 0.2009161468 0.2009161468 0.2009161468 0.2009161468 0.2009161468 0.2009161468 0.2009161468 0.2009161468 0.2009161468 0.2009161468 0.2009161468 0.2009161468 0.2009161468 0.2009161468 0.2009161468 0.2009161468
0.1819572892 0.1751919437 0.1812786394 0.1809380619 0.1832192854 0.1854035845 0.1863283209 0.1780763257 0.1743704526 0.1667611994 0.136274884 0.1391394514 0.1588718181 0.1696371561 0.1508583332 0.163733422 0.1524155072 0.1541854582 0.1387585677 0.1291699279 0.1742793398 0.169404337 0.1670442979 0.1720110433 0.1750596256 0.1915178958 0.1918754098 0.1962696686 0.1986258566 0.1986349527 0.1977775894 0.1975271764 0.1992384712 0.199234454 0.199792215 0.2009161468 0.2009161468 0.2009161468 0.2009161468 0.2009161468 0.2009161468 0.2009161468 0.2009161468 0.2009161468 0.2009161468 0.2009161468 0.2009161468 0.2009161468 0.2009161468 0.2009161468 0.2009161468 0.2009161468
0.1713477875 0.165123727 0.1726284457 0.1790375781 0.1809275634 0.1841304831 0.1836822879 0.1791117181 0.1668307256 0.1587039798 0.1529924556 0.142861337 0.1449283262 0.1654903575 0.1717506436 0.1791860475 0.1847097851 0.1629748739 0.1543391037 0.1261612682 0.1306709722 0.1672922038 0.1475493361 0.1601722826 0.1843412511 0.1821128807 0.1954506569 0.1949193187 0.1987453041 0.1979932108 0.1988925469 0.1986879286 0.1997846892 0.2003542734 0.2009161468 0.2003471679 0.2009161468 0.2009161468 0.2009161468 0.2009161468 0.2009161468 0.2009161468 0.2009161468 0.2009161468 0.2009161468 0.2009161468 0.2009161468 0.2009161468 0.2009161468 0.2009161468 0.2009161468 0.2009161468
0.1804366582 0.1839763526 0.1760643106 0.1772983407 0.1728363585 0.1785305723 0.1804739803 0.1840663852 0.1717324412 0.1650071162 0.1395137653 0.1467233874 0.1494208222 0.1667870007 0.1771169955 0.1840419695 0.1881487709 0.1802093822 0.1619149518 0.1563304556 0.1587302736 0.159651184 0.1787555293 0.1705510606 0.1747610159 0.1953004418 0.1906591222 0.1972481734 0.198779338 0.200322463 0.1997512002 0.1998048567 0.2009161468 0.2009161468 0.2003506339 0.2009161468 0.2003438715 0.2009161468 0.2009161468 0.2009161468 0.2009161468 0.2009161468 0.2009161468 0.2009161468 0.2009161468 0.2009161468 0.2009161468 0.2009161468 0.2009161468 0.2009161468 0.2009161468 0.2009161468
0.18535713 0.1881804058 0.1904482891 0.1824575901 0.1822084017 0.1828800869 0.1873809941 0.1836581277 0.1824589685 0.1574985533 0.1600295322 0.1479912456 0.164325962 0.1727097896 0.1794657717 0.1824808993 0.1822649293 0.1856465661 0.1827934764 0.1844857682 0.1863363632 0.1668800586 0.144347377 0.1837316529 0.1949324105 0.1914852135 0.1955366441 0.1972342143 0.1992452316 0.1992191364 0.2003266414 0.2003898786 0.2009161468 0.2009161468 0.2009161468 0.2009161468 0.2009161468 0.2003407404 0.2009161468 0.2009161468 0.2009161468 0.2009161468 0.2009161468 0.2009161468 0.2009161468 0.2009161468 0.2009161468 0.2009161468 0.2009161468 0.2009161468 0.2009161468 0.2009161468
0.184070976 0.1848439924 0.1866561511 0.1822865593 0.1865991447 0.1878623979 0.1855044597 0.1815335005 0.1785477962 0.1648279094 0.1507409026 0.1505989587 0.1603953561 0.1803819257 0.1695833034 0.1794924271 0.1861924867 0.1894841403 0.191366118 0.1914343271 0.1852520102 0.1654418924 0.1704332748 0.1689456334 0.1963300531 0.1943107856 0.1907744493 0.1972035144 0.1997716922 0.2008152158 0.199231665 0.1998050096 0.2004061744 0.2009161468 0.2009161468 0.2009161468 0.2009161468 0.2009161468 0.2009161468 0.2009161468 0.2009161468 0.2009161468 0.2009161468 0.2009161468 0.2009161468 0.2009161468 0.2009161468 0.2009161468 0.2009161468 0.2009161468 0.2009161468 0.2009161468
0.1900353084 0.1901514075 0.1875699104 0.189644833 0.1891638715 0.1810422342 0.1840222499 0.1843022332 0.1698233032 0.17288933 0.1481590955 0.1690924905 0.1729872848 0.1590194191 0.1737082659 0.1734148531 0.1862672526 0.1909060138 0.1916110578 0.1924645178 0.1940506191 0.1825646579 0.1943877577 0.1554774547 0.1788507783 0.1944663699 0.1912866252 0.1941056682 0.1976393277 0.1979933515 0.1997269509 0.1987304961 0.1997376165 0.2009161468 0.2009161468 0.2009161468 0.2009161468 0.2009161468 0.2009161468 0.2009161468 0.2009161468 0.2009161468 0.2009161468 0.2009161468 0.2009161468 0.2009161468 0.2009161468 0.2009161468 0.2009161468 0.2009161468 0.2009161468 0.2009161468
0.1923073941 0.1912584664 0.1889455953 0.190838931 0.1842380868 0.1830185242 0.1701575621 0.1608825323 0.1755396707 0.1613590705 0.1755079889 0.1659513109 0.1724532045 0.168599545 0.1686361869 0.1851766553 0.1875813642 0.1916103589 0.1924233034 0.1929551099 0.1947275611 0.1918262851 0.1634560985 0.1767265531 0.1917396663 0.1933823829 0.1927982039 0.1953596219 0.1952508019 0.1975127765 0.1977367339 0.1985661298 0.1998618201 0.1999525399 0.2009161468 0.2009161468 0.2009161468 0.2009161468 0.2009161468 0.2009161468 0.2009161468 0.2009161468 0.2009161468 0.2009161468 0.2009161468 0.2009161468 0.2009161468 0.2009161468 0.2009161468 0.2009161468 0.2009161468 0.2009161468
0.1946130295 0.1901047353 0.1879273316 0.1903670985 0.1887371738 0.1817420565 0.1790963433 0.1739437603 0.1744856481 0.1753395849 0.1773271204 0.184128085 0.1734268615 0.1823357377 0.1808064153 0.1742786022 0.1857800876 0.1923806213 0.1913973435 0.1900063451 0.1940209128 0.1916591567 0.1887705306 0.1767482007 0.1740720966 0.1939398111 0.1948039741 0.1963623583 0.1977129858 0.1966086635 0.1997216777 0.2007831023 0.1994987435 0.1999151869 0.2009161468 0.2009161468 0.2009161468 0.2009161468 0.2009161468 0.2009161468 0.2009161468 0.2009161468 0.2009161468 0.2009161468 0.2009161468 0.2009161468 0.2009161468 0.2009161468 0.2009161468 0.2009161468 0.2009161468 0.2009161468
0.1968949429 0.190542754 0.1917054307 0.1911993002 0.1893334868 0.1818766671 0.1794272284 0.1756113369 0.1743744889 0.177501778 0.178797089 0.1810154016 0.1734660909 0.1802268193 0.1789669426 0.1780335089 0.1908667485 0.1918874883 0.1904922072 0.1908867394 0.1938580772 0.1939893175 0.1932017979 0.1884807165 0.1955302152 0.1956589235 0.1970375866 0.1959032288 0.1964132105 0.1962082603 0.1986475166 0.1994322793 0.2009161468 0.2004151456 0.2004033931 0.2003977599 0.2009161468 0.2003870084 0.2009161468 0.2009161468 0.2009161468 0.2009161468 0.2009161468 0.2009161468 0.2009161468 0.2009161468 0.2009161468 0.2009161468 0.2009161468 0.2009161468 0.2009161468 0.2009161468
0.1976988961 0.1948460499 0.1921019256 0.1891166306 0.1951556165 0.1846738155 0.1839007602 0.1739384637 0.1689830511 0.1789157276 0.1853104005 0.1855359131 0.1790794801 0.1682029279 0.1802042591 0.1861632216 0.1933074893 0.1938531996 0.1940420911 0.1914652785 0.1951875567 0.1974175233 0.1917853079 0.1927207648 0.1930199204 0.1958176485 0.1952993927 0.1991356162 0.1970023158 0.1963795483 0.2004366674 0.2004018741 0.2009161468 0.2009161468 0.2009161468 0.2003769631 0.1998591094 0.2009161468 0.2009161468 0.2009161468 0.2009161468 0.2009161468 0.2009161468 0.2009161468 0.2009161468 0.2009161468 0.2009161468 0.2009161468 0.2009161468 0.2009161468 0.2009161468 0.2009161468
