experiments/figures/7000.asc
NCOLS 101
NROWS 101
XLLCORNER 0
YLLCORNER 0
CELLSIZE 0.990099
NODATA_VALUE NaN
[rows 69 to 91 of 101, columns 0 to 51 of 101]
0.8452522329 0.840544827 0.8429925838 0.8413402675 0.8284998444 0.8392584034 0.8284922844 0.8212166688 0.8375611396 0.8130156158 0.7315913272 0.7650360934 0.7932552687 0.8156573659 0.8370417441 0.7900862818 0.8019989968 0.8308312808 0.8303431992 0.7781868606 0.8351837399 0.8464350282 0.843037328 0.7410106101 0.6795083539 0.7451416218 0.7506433559 0.7044357844 0.6405550312 0.5019471068 0.644390618 0.7146536256 0.7195981095 0.7179285826 0.7133050106 0.7385868709 0.7860153075 0.7828682196 0.7214827508 0.7084753929 0.5697869805 0.5238408439 0.65583106 0.6734707299 0.7151282568 0.7635803571 0.7385351592 0.768119736 0.8282458343 0.7985206085 0.8245125216 0.7862854008
0.8426868299 0.8477127652 0.8482412697 0.8375702483 0.8361471831 0.8224190421 0.8282188705 0.8113638023 0.7944538607 0.8100448491 0.7983818133 0.7569599332 0.7284808994 0.7795638047 0.8246075184 0.7649421147 0.7706333044 0.7269552285 0.771246736 0.8211599842 0.7767324186 0.8413257636 0.8379395324 0.6762648285 0.77565552 0.683933487 0.7325493036 0.8183236755 0.6198506368 0.6658046011 0.6731875432 0.7109377017 0.7597825679 0.7502015064 0.7325492124 0.7248445324 0.7600186048 0.7613595676 0.680466679 0.4483413354 0.5074220976 0.5827221003 0.6626724683 0.7185307402 0.7009435559 0.7586999404 0.7965367281 0.8418936844 0.8070722725 0.7981596381 0.7207132069 0.813528734
0.8436208804 0.8416543988 0.8463307107 0.8376516819 0.8376328851 0.8326234303 0.8168273366 0.8122881531 0.7422841164 0.7862490699 0.7411298326 0.7873487861 0.8162822779 0.7838909165 0.7501855693 0.6915974107 0.617642151 0.6228128153 0.7173115571 0.7771341981 0.8432130561 0.7873294839 0.7958317477 0.718431575 0.7728587935 0.6744879018 0.7351190873 0.7486850354 0.759633623 0.6289321081 0.5940009661 0.7082855894 0.7102733945 0.7183841097 0.7675286436 0.7032392781 0.7506438506 0.7124779564 0.7226409105 0.5655688315 0.5192578328 0.6481405933 0.737745784 0.6795037792 0.7399789446 0.7583582989 0.7936659004 0.7904729472 0.765705892 0.7552885402 0.7407277478 0.7747713179
0.8519373811 0.8429257994 0.8496529274 0.8435958073 0.8337234963 0.8280793514 0.833404331 0.8100144219 0.7973704529 0.7350956163 0.795169732 0.8034487228 0.8166819369 0.8201500571 0.8098141267 0.7740396262 0.7588749443 0.665957339 0.6729382318 0.7239845328 0.7928334915 0.8473473177 0.8399506865 0.8140331045 0.8127348915 0.7185739193 0.7109385259 0.6011630493 0.6004440384 0.6539297682 0.6416823888 0.5905678921 0.6799154652 0.6572341478 0.7067024259 0.6854616509 0.6196330819 0.6594867644 0.6038302819 0.4989175337 0.4430103779 0.5983042464 0.6179532996 0.6579504316 0.6634707714 0.760328732 0.7718788773 0.7770359642 0.8292530562 0.8416290977 0.8209027045 0.8474338562
0.8521332305 0.8519775742 0.850222125 0.8470037394 0.8431300898 0.8371261829 0.8322601961 0.8280477897 0.813337545 0.7934503095 0.8158482203 0.8012557561 0.8106805822 0.8056608934 0.8137657338 0.7811195124 0.8134873795 0.8239216033 0.7816765114 0.8259467789 0.8352412354 0.8409499828 0.8434640229 0.8326927286 0.7547989357 0.7566535266 0.7397900698 0.674567286 0.5347874661 0.6585138983 0.7441623058 0.5505924334 0.5736258104 0.6599118844 0.681847113 0.649614622 0.6062585951 0.6095469503 0.6607528398 0.4979958511 0.5963368418 0.6234931282 0.6770845025 0.6917093577 0.7316661566 0.7305630435 0.7541602713 0.8026069041 0.831535132 0.8174591748 0.81740731 0.8409458733
0.851079969 0.8497682849 0.8513281667 0.8483612623 0.8480680371 0.8467410414 0.8420517609 0.8375416265 0.8279703764 0.8082600463 0.8009790413 0.8203855402 0.8204747279 0.8264757646 0.8056381493 0.8146534003 0.8125153958 0.8277801171 0.8361513618 0.8305119219 0.8365506914 0.8395286047 0.8366951153 0.8372028804 0.7679133149 0.7540437956 0.7131218456 0.671622591 0.6458020888 0.5264986459 0.6706771364 0.6290666004 0.6139924033 0.4612310031 0.5498160465 0.6444501985 0.6644878281 0.651379122 0.572995363 0.3957787158 0.4355721282 0.5679470578 0.6806740123 0.7502443104 0.6688207135 0.7096577331 0.7245680705 0.8302090637 0.83331038 0.7997971175 0.8270451097 0.8427239206
0.849706333 0.8494410054 0.8459121133 0.8461299515 0.8430037024 0.8435081084 0.8483781305 0.8358623216 0.8285260231 0.8186227658 0.8358546663 0.795035868 0.8301756551 0.8258443314 0.8209070453 0.8260889456 0.821299033 0.8246495324 0.8153043025 0.8219767481 0.8263631056 0.8284635573 0.8213681262 0.8083405926 0.764574722 0.7382491081 0.7769597668 0.60603534 0.6058361074 0.6471519474 0.5887959067 0.5891975391 0.5148813989 0.5580603911 0.4747842287 0.6985862753 0.600054378 0.4870989701 0.3282273258 0.4165227421 0.5518883815 0.6723426316 0.6359294098 0.7438230273 0.7542252756 0.6999238783 0.7611563506 0.7648047277 0.7728571281 0.8144537603 0.8076049782 0.8276416744
0.8495030367 0.8422359846 0.8514343747 0.8414458898 0.8419863339 0.8456325746 0.8463822052 0.8400457687 0.8100461025 0.8059157059 0.7452728398 0.8118912159 0.7885379955 0.8149239243 0.8164731396 0.7928028833 0.78840677 0.8127728521 0.8118244603 0.8124422371 0.8187813387 0.8150951019 0.8264356273 0.8290710204 0.7640476758 0.7624909038 0.7749759577 0.6926097337 0.7004909493 0.7575186578 0.7058077693 0.6305001932 0.6329148487 0.644093207 0.6918762874 0.5243120112 0.4737547747 0.4411258442 0.5060520248 0.5369474056 0.5772131074 0.6247093069 0.6149258632 0.6762661301 0.7005917978 0.804072997 0.7856041469 0.7408760968 0.8341328849 0.7591400545 0.7790938517 0.8517036552
0.8521332305 0.8453100766 0.8413416937 0.8443835736 0.845731659 0.846632222 0.846810408 0.7960720535 0.7882782792 0.7773787377 0.8182574474 0.7639129844 0.8093236448 0.6744805516 0.8028709209 0.8084175495 0.7714304416 0.7795265843 0.8025432889 0.8254820515 0.7789778544 0.8194899432 0.8175411861 0.8032946481 0.7624520445 0.7843847545 0.7380408011 0.7181346763 0.7449398418 0.7124440852 0.6729846562 0.6111355289 0.6152341885 0.69041352 0.6292686359 0.5622510524 0.5477832339 0.5849419296 0.542438612 0.5883888978 0.6309536827 0.5062433831 0.4962352058 0.6414318581 0.7391670766 0.7710825942 0.7758080978 0.8266027177 0.8104489307 0.7965655697 0.7457256931 0.8487685385
0.849549748 0.8470038603 0.8496604012 0.8514103417 0.8495546135 0.8458540797 0.7871239296 0.7389335677 0.8147435355 0.7546688793 0.8032934187 0.7711296076 0.7288774205 0.7298646338 0.8024441592 0.8025315207 0.7619770158 0.7597625028 0.7930871966 0.7513899767 0.8230274034 0.7738891521 0.8024323117 0.800853766 0.8054805972 0.7556013056 0.7429451555 0.7098343061 0.7361309499 0.7365631995 0.7922780099 0.7183494791 0.6558169095 0.6628344604 0.5651514033 0.5043881094 0.6690461501 0.659084593 0.6167426887 0.676039967 0.6109748506 0.5353164289 0.5034016408 0.6172428885 0.6335329556 0.816510189 0.7617426796 0.834031428 0.8368533802 0.8210270461 0.8082381352 0.7937624405
0.8495242405 0.8521332305 0.8494759219 0.8518709334 0.8495688955 0.7970649728 0.7873855105 0.7790026097 0.7455881419 0.6947410146 0.7066580648 0.7658282011 0.7440636948 0.8137888001 0.8182877108 0.8140585879 0.7845128429 0.7436910054 0.7949335524 0.8088380832 0.7115525037 0.7706732175 0.8130582137 0.8138217004 0.814608994 0.7014776657 0.6738825304 0.7561102006 0.81251617 0.8009334841 0.7398107125 0.667015823 0.5968841551 0.667702797 0.5955472453 0.6718013827 0.7577225131 0.7125705579 0.6390310261 0.6749158032 0.6571742417 0.6893869344 0.5623030907 0.5426703603 0.6520645797 0.7429641823 0.7861934698 0.8240583352 0.797987394 0.8122250493 0.820750626 0.7707981865
0.8521332305 0.8521332305 0.851885391 0.8493761831 0.8502558209 0.6705005136 0.7680020533 0.6181851124 0.6697038246 0.666835041 0.7280285913 0.7244824037 0.8203082201 0.8232229967 0.8232692043 0.8161711284 0.791158012 0.7211674405 0.7024592004 0.6416245634 0.7208495808 0.7684348068 0.7782138768 0.8264055167 0.8020230036 0.7467558223 0.6630508147 0.7945039942 0.7783740679 0.7742139275 0.6381970527 0.688170357 0.5076624522 0.6027911225 0.4438855606 0.6751460088 0.6940667642 0.7625022972 0.7162089554 0.6943063002 0.717342373 0.7722257 0.668110746 0.6339780568 0.6523835187 0.7505601802 0.816416995 0.7783092606 0.7741545834 0.8124145326 0.775623808 0.7760719667
0.8521332305 0.8500361277 0.8454680245 0.8471243497 0.8006069838 0.7510879628 0.7999389933 0.8282733043 0.6873643749 0.7502582276 0.7931617544 0.8157179038 0.8008681102 0.8005073598 0.8091115895 0.7867591237 0.7609813136 0.6137296235 0.5707929377 0.6637387454 0.7763402668 0.7344531158 0.7886137857 0.8105083424 0.8018592847 0.73679209 0.7364356316 0.7160450112 0.7292770333 0.6367943902 0.5896029412 0.5434764032 0.4573975867 0.4193969578 0.686128177 0.6841102419 0.7165211522 0.7513437621 0.7961582976 0.7308720639 0.7642960871 0.753036511 0.7065534312 0.7039639834 0.7010184002 0.7531307515 0.6834943684 0.6807436576 0.7730718465 0.8038236174 0.7820889112 0.8017890993
0.8521332305 0.8521332305 0.8479431694 0.8476915295 0.8513623895 0.844115994 0.8428470175 0.7113659775 0.6834628476 0.7018802099 0.7686872742 0.8084089413 0.783364317 0.8129677433 0.8169364499 0.8220707304 0.7796815135 0.7079342149 0.6857882229 0.7111011289 0.7400257492 0.7459952704 0.8038345229 0.7859671763 0.8201498589 0.7457302834 0.6694094953 0.6938687305 0.5572135747 0.5220416815 0.5895189489 0.4578681722 0.4950948045 0.6057678295 0.5628182229 0.6278953115 0.7719788137 0.7797240366 0.7718484465 0.7584625867 0.6819349719 0.7592393693 0.730748049 0.6491931322 0.6646676163 0.6424000771 0.6265188544 0.7707090551 0.651920436 0.8215333217 0.763536014 0.7921031767
0.8521332305 0.8521332305 0.8457152573 0.847817278 0.8498009574 0.8494101264 0.8036953994 0.6859498852 0.8283212141 0.7977606158 0.7522744788 0.8015212788 0.8126844137 0.8121386285 0.8329728804 0.8264909532 0.8198735926 0.733105209 0.8265753023 0.6351173518 0.7532480607 0.8029745435 0.825196346 0.796690854 0.7875330541 0.7322168982 0.6125592985 0.6807981586 0.6358011544 0.5868316116 0.6051776215 0.5199560794 0.429198965 0.5545290533 0.6146025123 0.6607890035 0.6793562038 0.7168392948 0.7352961842 0.7491498526 0.7056789881 0.7578924576 0.7187484948 0.6098222819 0.6179814235 0.6531182751 0.5479571317 0.5242273842 0.735878149 0.5677383645 0.733126734 0.793264279
0.8497389072 0.8521332305 0.8412859195 0.8438788597 0.8459250985 0.8497899294 0.7452942402 0.8437897075 0.8149472906 0.8116670029 0.8168520597 0.805130234 0.8141527402 0.8190661303 0.8228045333 0.8368667373 0.7865213252 0.8260737393 0.8057999606 0.7682836197 0.7883747773 0.8043632362 0.8245811156 0.8010536442 0.7385501775 0.7568218002 0.7487358762 0.7354858936 0.7466366626 0.7739105724 0.5937333153 0.4826143428 0.5097931549 0.6924852662 0.7816630025 0.6775038875 0.6154627916 0.6369569105 0.7214522244 0.7261265566 0.7699950366 0.6691298967 0.6546260177 0.5625238414 0.6048907704 0.5819231671 0.6591555766 0.6060188201 0.6699663072 0.6920279821 0.6867939124 0.8005900415
0.8473815476 0.8521332305 0.8476383995 0.8452799042 0.8455498843 0.8503358629 0.8438012469 0.8364276315 0.8269440993 0.8179916941 0.8271326601 0.8239301555 0.8204436989 0.8191009389 0.8359345601 0.8161175479 0.763165095 0.7868280214 0.77872203 0.7888587536 0.8123714388 0.8310195804 0.8058768759 0.8040951375 0.767440432 0.7858476154 0.7951353076 0.7785275015 0.7943648304 0.7725198726 0.7293878255 0.6339533827 0.7005971435 0.557588741 0.6442058813 0.7593311501 0.7124365313 0.6382297438 0.7043766942 0.7081716822 0.7582937387 0.6118243167 0.5628209996 0.6363431077 0.714501366 0.6411865504 0.712106074 0.6794716179 0.7357236509 0.7837795747 0.7924252761 0.7986081401
0.8496792157 0.8477059407 0.8498664046 0.8476053062 0.8496224411 0.8454489474 0.8391319298 0.8354312318 0.8352958954 0.8262500091 0.819215634 0.8203784046 0.8367940337 0.8397136173 0.7954975119 0.8106109729 0.7701165209 0.7669228602 0.7523627718 0.7773662879 0.8245998985 0.8295287357 0.7831840812 0.774860557 0.807398149 0.7644928497 0.770843583 0.7686797425 0.7944641183 0.7620887256 0.7894409842 0.7942085645 0.6932669922 0.6734798248 0.6464878439 0.7947003477 0.7362541659 0.5964270209 0.7293725789 0.6672965571 0.7188132457 0.6900053816 0.7426702526 0.7187240827 0.6862335168 0.767047997 0.6832156948 0.7525175447 0.7691724859 0.756551163 0.7733594854 0.7814559646
0.8521332305 0.8500365913 0.8518109663 0.8520346016 0.8493263622 0.8486279057 0.8421253996 0.8361596566 0.8398249308 0.8403558066 0.8295097068 0.8377009192 0.8336542205 0.8399632892 0.8312456884 0.7732279897 0.7748156421 0.7907967169 0.7027164006 0.7697869358 0.8281704884 0.8312450832 0.7597440766 0.7574424469 0.7810321057 0.7716565856 0.6868867993 0.7211511545 0.7486073017 0.7759327435 0.7661231675 0.7839887297 0.7454877928 0.6484921265 0.6042303313 0.6895973673 0.7101318438 0.7115404203 0.6331445182 0.7024542268 0.7028322499 0.7743592061 0.6917576933 0.6630536839 0.6511854355 0.6640676114 0.7852872553 0.7527204919 0.7623527455 0.7727846576 0.8374671709 0.7145507126
0.8521332305 0.8521332305 0.850071679 0.8505908937 0.8501962696 0.8490432123 0.8468080626 0.8514548905 0.8390057962 0.8437012423 0.8431079159 0.8343382878 0.8477926998 0.8414811329 0.8076170657 0.8182991431 0.8007429884 0.8210836032 0.8040502412 0.7593383114 0.757681863 0.7655174902 0.7489752662 0.6227349691 0.6913038233 0.679971582 0.7126007965 0.6416130578 0.7134926074 0.7368743951 0.7822562058 0.7494156496 0.8015811638 0.7517884655 0.7055495182 0.6744244769 0.6998059491 0.5962361752 0.6358621059 0.6252685505 0.7783217021 0.8014525448 0.7276536033 0.7355316353 0.814049712 0.7441180614 0.7746448331 0.7772534461 0.8014919055 0.8378405672 0.8046553296 0.8061542308
0.8521332305 0.8521332305 0.8521332305 0.8491700289 0.8491489367 0.8502140155 0.8496662993 0.848500071 0.8491324217 0.8453196052 0.8459919253 0.8409979977 0.8415724126 0.8226777141 0.8088498905 0.7766793816 0.7997543646 0.8113102564 0.8172636099 0.7778979783 0.740660025 0.7692551657 0.7037352144 0.684276787 0.6915616664 0.7595716775 0.6855670012 0.7246644673 0.7103157987 0.7075647528 0.76588846 0.7434667873 0.8103709777 0.7799228844 0.7248648036 0.7658135944 0.4934710296 0.6979521745 0.7891977588 0.7154763464 0.7142268466 0.7765123179 0.733568591 0.7384342744 0.7425720259 0.6930214381 0.8015102556 0.7661419631 0.809624698 0.8374643229 0.8323563648 0.8366537328
0.8521332305 0.8521332305 0.8521332305 0.8498765009 0.8499292442 0.8517422696 0.851455361 0.8516865859 0.8518016475 0.8476275049 0.8498383688 0.8468504889 0.8401962901 0.8238344157 0.8219469246 0.8241712616 0.7709426029 0.8010743764 0.8191408743 0.8159349024 0.8250473986 0.786833767 0.6896694114 0.7056385865 0.7298363727 0.6436002851 0.6795994211 0.6976203369 0.771107257 0.7393497482 0.7495810102 0.7737971346 0.7630928221 0.7547048711 0.7920440241 0.7089497128 0.7311176315 0.623082912 0.8106237736 0.7054105407 0.7538146444 0.7010649468 0.7062741795 0.7659918136 0.7417823782 0.7861192461 0.7686116224 0.7870899273 0.8320596232 0.8440792888 0.8407455704 0.8408037716
0.8521332305 0.8521332305 0.8521332305 0.8518528549 0.8521332305 0.8521332305 0.8521332305 0.8495066191 0.8495300522 0.8470595444 0.842958078 0.8498754124 0.8271306182 0.8151847711 0.8395080325 0.8437879959 0.8106020798 0.7971743111 0.8133187649 0.8067568258 0.8123029908 0.7918434878 0.6977963694 0.6775250264 0.7626831149 0.7469275692 0.6017895165 0.7057881259 0.6588770217 0.6403392822 0.7597000293 0.7770660904 0.7607423565 0.7705315637 0.6892400397 0.7249142221 0.7149578414 0.7775430514 0.7766523283 0.7561644447 0.6268412908 0.7442044416 0.6693583752 0.7882266532 0.7851370172 0.7575485274 0.8068224954 0.7898382585 0.811039856 0.8058972887 0.8078289571 0.8448512567
