experiments/figures/7000.asc
NCOLS 101
NROWS 101
XLLCORNER 0
YLLCORNER 0
CELLSIZE 0.990099
NODATA_VALUE NaN
[rows 46 to 68 of 101, columns 0 to 51 of 101]
0.8521332305 0.8521332305 0.8521332305 0.8521332305 0.8521332305 0.8521332305 0.8521332305 0.8515966155 0.8516958727 0.8516377767 0.8493146695 0.8402512815 0.8383891999 0.8350744849 0.8456871056 0.8382301797 0.836750029 0.8358035798 0.8294094399 0.8360785197 0.8412344727 0.8405378665 0.8474539865 0.8162913902 0.7317663588 0.7668163586 0.8446260014 0.8042600676 0.8444155904 0.8007672705 0.8491350767 0.8457970047 0.8503114434 0.7257531861 0.8411263549 0.640724893 0.7764591239 0.8476005869 0.84424682 0.8477609618 0.8487246886 0.848496913 0.8521332305 0.8521332305 0.8521332305 0.8521332305 0.8521332305 0.8521332305 0.8521332305 0.8521332305 0.8521332305 0.8470840312
0.8521332305 0.8521332305 0.8521332305 0.8521332305 0.8521332305 0.8521332305 0.8521332305 0.8521332305 0.8521332305 0.8497074043 0.8471601666 0.8443908345 0.8376326666 0.8285219071 0.8328427793 0.8337018701 0.8315000116 0.8236968314 0.8197784735 0.8337887233 0.8396995104 0.8385589858 0.8329520879 0.8341072474 0.7464009479 0.6945285971 0.7366553868 0.7922013164 0.830793675 0.840268194 0.8399885519 0.8325361075 0.7794651999 0.8405699877 0.7165418902 0.8333785086 0.8451151726 0.8481923903 0.8506851042 0.8521332305 0.8521332305 0.850083264 0.8521332305 0.8521332305 0.8521332305 0.8521332305 0.8521332305 0.8521332305 0.8521332305 0.8521332305 0.8521332305 0.8472357261
0.8521332305 0.8521332305 0.8521332305 0.8521332305 0.8521332305 0.8521332305 0.8521332305 0.8521332305 0.8494959591 0.8495194872 0.8521332305 0.8423522887 0.8473404883 0.8345742391 0.8125461136 0.8167942324 0.8120259839 0.7983855974 0.8255427784 0.8372726444 0.8351329853 0.8430360661 0.8307547997 0.8038960657 0.803662983 0.6394130631 0.7119309259 0.7904213692 0.8294808062 0.8140951454 0.8033001068 0.8184190273 0.7891451345 0.8412738133 0.8458079279 0.7781327861 0.8461115587 0.8483774847 0.8521332305 0.8521332305 0.8491698966 0.8459697879 0.8521332305 0.8521332305 0.8521332305 0.8521332305 0.8521332305 0.8521332305 0.8521332305 0.8521332305 0.8521332305 0.8433951172
0.8521332305 0.8521332305 0.8521332305 0.8521332305 0.8521332305 0.8521332305 0.8521332305 0.8521332305 0.8495439134 0.8502420494 0.8390032209 0.8458672543 0.8397321079 0.8371641294 0.824778037 0.8065733246 0.7897592857 0.8117207985 0.8123871104 0.8263654235 0.8390985864 0.8304916202 0.8426216356 0.8309927227 0.8084916772 0.8082757157 0.6839201142 0.7876966669 0.795621545 0.8321459525 0.7069513223 0.7396173769 0.6884723875 0.8217679118 0.8406930578 0.8440641195 0.8521332305 0.852063808 0.8521332305 0.8430294296 0.8398739539 0.8494447451 0.847999989 0.8478487581 0.8521332305 0.8438111705 0.844285882 0.8521332305 0.8521332305 0.8521332305 0.8478431849 0.847691404
0.8521332305 0.8521332305 0.8521332305 0.8521332305 0.8521332305 0.8521332305 0.8521332305 0.8521332305 0.8495692286 0.8430004457 0.8445741431 0.8342316401 0.830571944 0.8324233339 0.8064113978 0.7884722474 0.7330594497 0.7485309918 0.7981888338 0.8168716146 0.825057968 0.8315497773 0.8212486571 0.7998700973 0.7905488498 0.7744770456 0.8191973167 0.6644287877 0.6262156487 0.6583757573 0.7141612767 0.6392941183 0.7342599999 0.7433988362 0.725781773 0.7877174302 0.8490257126 0.8498336927 0.8453178043 0.8460035675 0.8466583731 0.8499620546 0.849578461 0.8491324724 0.8431345475 0.8393835026 0.8518233706 0.8469398903 0.8488829904 0.8521332305 0.8484442456 0.848295271
0.8521332305 0.8521332305 0.8521332305 0.8521332305 0.8521332305 0.8521332305 0.8521332305 0.8496790473 0.8479008419 0.8421643287 0.8351263676 0.8398943246 0.8315913238 0.8308558486 0.8169241141 0.7927321981 0.7360418912 0.7917522253 0.7127796048 0.7754784408 0.7402364242 0.7797715062 0.8135254361 0.7969354468 0.7823113314 0.8149165509 0.6786550367 0.7370123945 0.6711473837 0.7258903969 0.7180144126 0.7296788458 0.6913233619 0.6384709032 0.8252981384 0.7763003189 0.7887325894 0.6848799508 0.8426124053 0.8447428618 0.8477854655 0.8464486629 0.8468411791 0.851868832 0.8447087912 0.8463913294 0.8358086347 0.8403253626 0.8456208623 0.8481143186 0.8521332305 0.8521332305
0.8521332305 0.8521332305 0.8521332305 0.8521332305 0.8521332305 0.8521332305 0.8521332305 0.8496503516 0.8475558579 0.8452715095 0.8400916991 0.8250263052 0.8378300061 0.8299600951 0.8318421334 0.8061125091 0.7849331483 0.7415907589 0.7974853755 0.6896755551 0.6594721372 0.6991674653 0.815639158 0.7973495786 0.7598208061 0.7248598367 0.7771322082 0.6963619206 0.627442095 0.7553746425 0.7108823495 0.7133413293 0.701193321 0.6486805805 0.7578330448 0.8176588099 0.7174769892 0.7289619329 0.7336345388 0.8469257052 0.8448203356 0.8454298013 0.8510837842 0.8403241723 0.8416882798 0.8485568134 0.8484650359 0.8402160785 0.8422584136 0.8521332305 0.8521332305 0.8521332305
0.8521332305 0.8521332305 0.8521332305 0.8521332305 0.8521332305 0.8521332305 0.8521332305 0.8521332305 0.8500268876 0.8475265895 0.8346516753 0.8383199984 0.8446992044 0.8342249187 0.829473047 0.8275155511 0.8196508656 0.782197145 0.7959977702 0.7658023934 0.7196222271 0.810290346 0.8144585402 0.7618426133 0.738476937 0.6730240721 0.6602621147 0.6280846074 0.6573951829 0.7288320307 0.7387691841 0.6867867444 0.611966662 0.7712670378 0.8097239404 0.8058415839 0.8331538159 0.7750048003 0.8411002901 0.8499559712 0.8482912672 0.8409999787 0.842098042 0.8412274201 0.8364547572 0.8398747883 0.8499645333 0.8379579122 0.8493058211 0.8521332305 0.8521332305 0.8521332305
0.8521332305 0.8521332305 0.8521332305 0.8521332305 0.8521332305 0.8521332305 0.8521332305 0.8521332305 0.8521332305 0.8521332305 0.8458144611 0.8361473873 0.8413470232 0.838659117 0.8409708774 0.8088799449 0.7790443157 0.8070150167 0.7966900933 0.7199219333 0.7653783168 0.7797542342 0.7708510983 0.7805711325 0.6955572338 0.7397024659 0.7253227429 0.5255008448 0.7007062456 0.7298045019 0.763906255 0.7716821525 0.7432176374 0.7390731169 0.8127847663 0.8058928953 0.8089635987 0.8292291093 0.8327612497 0.8443728489 0.8435021773 0.8400758251 0.8430461692 0.8389095658 0.841408866 0.8424303489 0.837349863 0.8418492565 0.8521332305 0.8521332305 0.8521332305 0.8521332305
0.8521332305 0.8521332305 0.8521332305 0.8521332305 0.8521332305 0.8521332305 0.8521332305 0.8521332305 0.8521332305 0.8516800809 0.8491735562 0.8444494828 0.8468959127 0.8441492361 0.8383866677 0.8161957273 0.8197788197 0.8255167761 0.7878769834 0.7881048019 0.7616043332 0.7818216142 0.7757723574 0.7560773912 0.7227223754 0.6548766039 0.6773475294 0.6739481524 0.6585912441 0.6974244344 0.7952205111 0.7836058929 0.7788014162 0.7988413061 0.7979586856 0.7790187583 0.8001312508 0.8151335624 0.8316371641 0.8369913513 0.8450577346 0.8353744761 0.8376168313 0.8361537561 0.842555757 0.8401373825 0.8408005716 0.8490597001 0.8495529738 0.8521332305 0.8521332305 0.8521332305
0.8521332305 0.8521332305 0.8521332305 0.8521332305 0.8521332305 0.8521332305 0.8521332305 0.8521332305 0.8495820636 0.8450249731 0.8501726094 0.8521332305 0.8483934196 0.8450884659 0.8444152727 0.8422072301 0.8333274779 0.83035735 0.8058414436 0.7960703199 0.8076623664 0.8181790262 0.8230643163 0.7645573641 0.5957007215 0.5787678248 0.7110100728 0.6947911599 0.586696952 0.6998154388 0.7660066723 0.7738176665 0.7951071536 0.8146099328 0.7959863878 0.7841072868 0.7902655807 0.8211874508 0.8231900333 0.8119394037 0.8253188764 0.8310459227 0.8213724933 0.8357299074 0.8317805126 0.8262197169 0.8461070999 0.845973446 0.8521332305 0.8521332305 0.8521332305 0.8521332305
0.8521332305 0.8521332305 0.8521332305 0.8521332305 0.8521332305 0.8521332305 0.8521332305 0.8521332305 0.8495057318 0.8448886891 0.8521332305 0.8497570858 0.8474185153 0.84937313 0.8434341472 0.8480612156 0.8431893935 0.8441088248 0.829388506 0.8212645829 0.8158246479 0.8095569569 0.772991038 0.7875976056 0.7536002868 0.6790388337 0.6438290849 0.4777500364 0.5713457116 0.6896066575 0.7035886111 0.7313285021 0.750876009 0.7832802899 0.7913618842 0.7795341433 0.7924522398 0.8129074856 0.814033997 0.8214032937 0.8008674241 0.7977169286 0.8169992368 0.8243861035 0.8149448279 0.8398327037 0.8465509795 0.8470011065 0.8521332305 0.8521332305 0.8521332305 0.8521332305
0.8521332305 0.8521332305 0.8521332305 0.8521332305 0.8521332305 0.8521332305 0.8521332305 0.8521332305 0.8521332305 0.8521332305 0.8521332305 0.8497888446 0.8521332305 0.8452178055 0.8455368807 0.8431416764 0.8500515443 0.8424376848 0.8377360257 0.8285093085 0.8318158036 0.8154450121 0.7839785966 0.7712779062 0.7559301232 0.7555663734 0.6271643844 0.672929629 0.5235266992 0.6284196241 0.6834985488 0.55981166 0.694603868 0.7774427521 0.7829640303 0.7776957445 0.7920920767 0.8072992831 0.8170815053 0.8112968818 0.8097729391 0.7988692397 0.788375006 0.8060780906 0.715827211 0.8419222836 0.8457256215 0.8477841624 0.8473908908 0.8521332305 0.8521332305 0.8494896919
0.8521332305 0.8521332305 0.8521332305 0.8521332305 0.8521332305 0.8521332305 0.8521332305 0.8521332305 0.8521332305 0.8521332305 0.8483183248 0.848352359 0.8521332305 0.8498876556 0.8493563289 0.8494588965 0.8463808345 0.8479824207 0.7963511963 0.8357803893 0.8242741378 0.8217171471 0.8018561195 0.7851916619 0.7673504687 0.6761066449 0.6761142145 0.602274871 0.6194892295 0.5893783516 0.5180122085 0.5827754834 0.6710826821 0.7391874066 0.7351618452 0.7480699448 0.7922825761 0.7949998448 0.7892635141 0.8002656214 0.8086664055 0.8031643351 0.7996562661 0.770630468 0.7537816726 0.7848664506 0.8479061194 0.8425429063 0.844876815 0.8521332305 0.8495377601 0.8495132759
0.8521332305 0.8521332305 0.8521332305 0.8521332305 0.8521332305 0.8521332305 0.8521332305 0.8521332305 0.8521332305 0.8521332305 0.8485013242 0.8448859067 0.8457959803 0.8495557827 0.8514687469 0.8459946493 0.7875203825 0.7894029575 0.790861533 0.8159913139 0.8308937262 0.827198767 0.7913776858 0.7971400692 0.6973620967 0.7323623023 0.7020431103 0.6939869391 0.6852494856 0.6148584684 0.6221569847 0.6100010638 0.6450469195 0.6425681893 0.7341076634 0.7818533083 0.7687941404 0.7332603908 0.7269596455 0.8130602678 0.7617979943 0.7554352221 0.7413511993 0.740329796 0.7431916791 0.7664850305 0.8415737084 0.8506193577 0.8444156486 0.839742285 0.8497027607 0.8521332305
0.8521332305 0.8521332305 0.8521332305 0.8521332305 0.8521332305 0.8521332305 0.8521332305 0.8521332305 0.8521332305 0.8521332305 0.8480649257 0.8442535283 0.8514324291 0.8514753163 0.8521332305 0.8181276522 0.7487772002 0.6855657971 0.7883646805 0.8358456018 0.8381694854 0.8349498455 0.81745106 0.7961909953 0.6625509906 0.7629932874 0.7452547018 0.6795430399 0.7188919005 0.6734878316 0.7014242052 0.6937805765 0.6271982432 0.6323746674 0.6738454669 0.6476337034 0.7128823294 0.6726652199 0.7161285475 0.7642728652 0.7112891028 0.7067889545 0.6462107029 0.6786876679 0.7476107175 0.7323045934 0.8055310005 0.8407009351 0.8441941956 0.8323301548 0.8469733526 0.8521332305
0.8521332305 0.8521332305 0.8521332305 0.8521332305 0.8521332305 0.8521332305 0.8494702713 0.8521332305 0.8521332305 0.8501909462 0.8501549909 0.8521332305 0.8479392813 0.8517714971 0.8235022766 0.8173843197 0.7702146951 0.7240239248 0.8202020272 0.8285606013 0.8347159557 0.8310108153 0.8263913884 0.7407411689 0.8248099585 0.7438411486 0.7371606308 0.6724207921 0.697022148 0.6688755845 0.6761881386 0.7151013909 0.7409308877 0.7085348049 0.7149609909 0.6429612805 0.6719018846 0.683982891 0.7069287104 0.7555766641 0.8055896438 0.7500970737 0.7610691739 0.7106281483 0.7939925607 0.7508243455 0.7759666284 0.8265494354 0.8408591331 0.8454096466 0.8439744354 0.8521098835
0.8521332305 0.8521332305 0.8521332305 0.8521332305 0.84960169 0.8470765888 0.8470754318 0.8494940286 0.8518359644 0.8502285891 0.8501190723 0.8500832406 0.8517707575 0.8453966764 0.7995173794 0.8216712861 0.8205861928 0.818278537 0.820764364 0.7829435636 0.83620678 0.8390338573 0.8389046195 0.7828577519 0.7972704579 0.7144283165 0.7955618875 0.719282663 0.6509947071 0.7083310157 0.646331711 0.729820559 0.6594687634 0.6911811459 0.699966773 0.7919662356 0.6901804233 0.6965367167 0.7275851109 0.745640025 0.778024388 0.7496282135 0.7299908605 0.7843026796 0.7492082537 0.7876546013 0.8281120805 0.8412633552 0.842373983 0.8348897663 0.8446897826 0.8501026899
0.8521332305 0.8521332305 0.849579345 0.8496065648 0.84954801 0.850159089 0.842470083 0.8441242195 0.8467105464 0.8498772645 0.8498205309 0.8162142509 0.8146601232 0.8457148826 0.8401058963 0.7653389938 0.8180455919 0.8226301739 0.7845231921 0.8367518165 0.8125374114 0.8434557322 0.8319462107 0.8430509499 0.8078425107 0.8184690116 0.6846908084 0.6932901704 0.6424223033 0.5682133 0.6301283278 0.5939381195 0.7376765214 0.6974836086 0.7317408074 0.7379068278 0.7274987205 0.7798209927 0.689328269 0.6535283146 0.7504260926 0.7615436547 0.7810832734 0.8204121663 0.8150892362 0.8162008026 0.817866057 0.8316089927 0.8361701414 0.8442737884 0.847301901 0.850378493
0.8521332305 0.8495275127 0.8414839879 0.8468116905 0.845847936 0.8488762079 0.8470170772 0.8403232956 0.8461726716 0.8475816212 0.8145812793 0.7787098005 0.846513642 0.8398388022 0.8317524343 0.8214867569 0.8468133526 0.8207668008 0.8387576374 0.8416226656 0.8332707721 0.8204330062 0.8371684529 0.8226263941 0.8190118656 0.8089588205 0.7301905098 0.6098694831 0.6459607097 0.4792223803 0.5992231735 0.5552210935 0.6992555083 0.7687447237 0.7865549058 0.7724009762 0.774879906 0.7846296479 0.7384749164 0.7823850443 0.715755624 0.7704906389 0.7645930861 0.8016873687 0.7989817632 0.8193718862 0.8074095366 0.8401334399 0.8470345322 0.8393762731 0.8391427351 0.8459589401
0.8521332305 0.8521332305 0.8422238293 0.8442315485 0.8494733615 0.8445127539 0.8482482003 0.8463854509 0.8418044124 0.8374882941 0.8061758742 0.7532234553 0.792471306 0.8216469906 0.8118880858 0.8044430588 0.8482871105 0.8455954167 0.8411403343 0.8496587081 0.8358693152 0.8440661526 0.833855207 0.8399889779 0.8136148617 0.806302042 0.792683732 0.696530076 0.5988618059 0.5714341799 0.5263483908 0.6910648234 0.6785517661 0.7662166326 0.7833582889 0.7914977577 0.7838440429 0.7697151739 0.7558964631 0.726519109 0.8084224612 0.8094458506 0.6913910788 0.7655005945 0.8017589669 0.8139053304 0.842454653 0.8473148161 0.846456984 0.8440948063 0.8389389003 0.8313637829
0.8497024706 0.8421753326 0.8517797142 0.8474087669 0.8470939465 0.8438544072 0.8389476097 0.8454702079 0.8363578613 0.8294495436 0.8099601755 0.7715058956 0.8121825833 0.8188344011 0.7669213209 0.7886461328 0.8320216469 0.8501842827 0.8500175293 0.8445598947 0.8492079232 0.8521332305 0.8402529738 0.842585329 0.8398751749 0.8218341776 0.784930946 0.6775149617 0.6707011397 0.614803113 0.63519238 0.652889575 0.7776895619 0.7696873764 0.7571010556 0.770200207 0.7753903418 0.7806793274 0.7875119548 0.7766575285 0.7783771032 0.7292829197 0.7052615481 0.6985245488 0.7712598201 0.7982200414 0.8307011206 0.8441372272 0.8460380495 0.841689994 0.8430377801 0.841057832
0.8473145493 0.8471009518 0.8459481346 0.8485563683 0.8379087068 0.8425451924 0.8317188283 0.8286677441 0.8215570681 0.825009524 0.7751516187 0.7194214542 0.8267646296 0.8310487909 0.7937177505 0.8101476515 0.8282057873 0.844214298 0.8444582901 0.8462140081 0.8402101711 0.8429206449 0.8474585266 0.8377225545 0.8017095643 0.7860846268 0.703026355 0.7156816952 0.5696146752 0.5828984137 0.6282433063 0.6671289469 0.7366309083 0.71688182 0.7460934625 0.7701766021 0.7644430957 0.7882475027 0.7658114141 0.7299929388 0.7328183295 0.6422061657 0.5319244635 0.6955390629 0.6809240455 0.7155049408 0.7834762336 0.7939917552 0.7993663733 0.8518958629 0.8419339833 0.8033089518
