experiments/30000.asc
NCOLS 101
NROWS 101
XLLCORNER 0
YLLCORNER 0
CELLSIZE 0.990099
NODATA_VALUE NaN
[rows 69 to 91 of 101, columns 0 to 51 of 101]
0.2105275945 0.1932444709 0.2090978351 0.210872096 0.190097784 0.1902758995 0.1853974278 0.2052086913 0.2106334234 0.2118682662 0.2118682662 0.2118682662 0.189105795 0.2070261058 0.19706699 0.1984559264 0.1990141438 0.1898470983 0.200765186 0.2118682662 0.2118440832 0.2056289421 0.1996105371 0.2057876131 0.2004981492 0.1831579722 0.184401819 0.1872344998 0.1975219581 0.1883807867 0.2036722284 0.2026454725 0.2037945531 0.209319881 0.2074345444 0.199812227 0.2000968051 0.2057915156 0.1847792467 0.1429739526 0.1755008582 0.1737550722 0.1265567959 0.1284397347 0.1528523919 0.1505342903 0.1838905514 0.1750879034 0.1879730734 0.1670381948 0.1696176861 0.1796773304
0.1793364223 0.1883184582 0.1990676556 0.1993829552 0.1548281636 0.1710534018 0.196326281 0.2100329711 0.2118682662 0.2118682662 0.2118682662 0.2094920279 0.1947055743 0.2082390486 0.211585548 0.1968303778 0.1836634549 0.2002564133 0.2118682662 0.211362719 0.2117312337 0.199612429 0.2003028285 0.1966851834 0.1777141552 0.179664575 0.1600374549 0.193896073 0.1932995753 0.1863882706 0.2036788832 0.2090031729 0.1983602443 0.1967051568 0.1988163303 0.2035164104 0.1774489607 0.1751329815 0.1340572497 0.1629964231 0.17705661 0.1775606134 0.1457851695 0.1779673619 0.158779123 0.1564716181 0.1340978085 0.175450306 0.1949428161 0.1954512866 0.1755354146 0.1774179799
0.1823649618 0.1921134259 0.197377148 0.1835994774 0.1384095598 0.1820554637 0.1873500672 0.190305015 0.1811543243 0.1819164623 0.2019924612 0.2094457241 0.2087627559 0.195303277 0.2111292717 0.1940290605 0.1836919614 0.1954321917 0.1978265098 0.1981555587 0.2048953144 0.2057537527 0.2028529267 0.202607293 0.1977475651 0.1527878343 0.1857796855 0.1844590348 0.1894973061 0.1994220599 0.1986736046 0.1852910129 0.1872675818 0.1816073791 0.1842566493 0.2044300124 0.1942547869 0.1680865764 0.1617161601 0.1237097929 0.1399160293 0.1976107829 0.1901078451 0.1964832592 0.1706850842 0.1366506323 0.1417175571 0.1486027579 0.15451357 0.1083840909 0.1221973135 0.1410705518
0.1871948851 0.1763341721 0.1965002632 0.1262099873 0.1518595001 0.1574121739 0.1762476538 0.1884405823 0.1813952557 0.1659857345 0.1650767994 0.1949758892 0.1950008649 0.2081417514 0.2085754801 0.2005767412 0.1687972538 0.1813606089 0.1762592842 0.1966750605 0.2005137299 0.193854336 0.209218395 0.1983336402 0.1876382141 0.1924838296 0.1867897673 0.2062293107 0.2076271899 0.2118682662 0.1977787288 0.1820020879 0.168813848 0.1780436071 0.1729882554 0.1829371851 0.1626924883 0.1558303503 0.1521723001 0.1265341782 0.1447599906 0.1852943288 0.1880268157 0.1798065857 0.1661430377 0.1535543746 0.1556858691 0.1541906268 0.1055275671 0.094712355 0.1194340415 0.1509013558
0.1703993134 0.1576929804 0.1619321057 0.1152372141 0.1703985978 0.2092682498 0.1970431893 0.1754515739 0.1871158842 0.1614046031 0.197442149 0.2105810275 0.1819809162 0.203340736 0.1926721443 0.1943576557 0.1977434701 0.1902024923 0.1916351006 0.160272843 0.1722793981 0.1874852137 0.2031526007 0.2032572956 0.1980884842 0.2043861497 0.2063371169 0.2114082508 0.2118682662 0.2070349136 0.2017218342 0.2031447389 0.1912743272 0.1685846388 0.1748319238 0.1916941292 0.1701815009 0.1517159728 0.1374798232 0.132759179 0.153086423 0.1784682604 0.1959833865 0.1633586214 0.1538393092 0.1887026345 0.1863537167 0.1601726857 0.1154443164 0.1074575748 0.1067458345 0.1245535979
0.1882238418 0.205871224 0.1393803925 0.1697581822 0.1948531177 0.2089285176 0.1840096954 0.1833200466 0.1745260141 0.2089218126 0.1966266662 0.1710981954 0.1823572297 0.1954062977 0.1581608449 0.1787277574 0.211115583 0.2054020084 0.1667191896 0.1792341082 0.1788087055 0.1941603368 0.1810340608 0.2090740888 0.2118682662 0.2075836406 0.2054153718 0.2048260743 0.2111879616 0.1879899319 0.19416022 0.1900697173 0.1591003772 0.1489852813 0.1375317181 0.1430202077 0.141221232 0.1436304085 0.1827446886 0.1377592304 0.1595653138 0.1397789857 0.1665642391 0.1377497296 0.1515228243 0.1783094802 0.1694147905 0.1813709958 0.1211687718 0.08 0.0891165748 0.1480960337
0.1766058453 0.1706901885 0.1841937132 0.1589489608 0.1703189 0.171466358 0.1669330981 0.1596403449 0.1933312561 0.1921943243 0.1784863845 0.1575810462 0.1925849568 0.177225749 0.1957124067 0.1840314007 0.2060220766 0.1639685395 0.1545000601 0.1472208047 0.2083820983 0.1813695925 0.1876623176 0.198113231 0.205558647 0.2118682662 0.2020146938 0.2084897011 0.1853523653 0.1875165767 0.1590257483 0.1514409944 0.1125895888 0.1274804002 0.1155149501 0.1513787941 0.1505786595 0.1600821195 0.1818150399 0.1823150934 0.1556208066 0.14442038 0.1289531345 0.1747788035 0.188845498 0.1826933197 0.1709838895 0.136428305 0.1359258858 0.08 0.08 0.12034088
0.1792239795 0.181721008 0.17055637 0.193209583 0.1931916003 0.1790020475 0.1708707651 0.1574310537 0.1645135866 0.1887884073 0.1654818449 0.1550210984 0.1836971054 0.190417133 0.1719044946 0.2025090361 0.2036457368 0.1802659937 0.1975846496 0.1521887446 0.1789328116 0.2051170441 0.1644000108 0.1920620937 0.2081991548 0.2059088586 0.2063282713 0.2100410871 0.1917581213 0.190657835 0.1646824586 0.1510797949 0.1803324477 0.1033189909 0.1226306363 0.1463289612 0.1794657844 0.1780060868 0.1765124365 0.1686988145 0.1601942138 0.1427669819 0.18676645 0.1600694966 0.1715839053 0.1500897188 0.1666009931 0.128298408 0.1296440949 0.0891994391 0.1204889653 0.1080169642
0.1410921974 0.1484897823 0.1539422376 0.2031330737 0.2053622895 0.1995297977 0.1775330451 0.1684657719 0.155543034 0.1439301544 0.183924799 0.1396897481 0.1630268146 0.1978412695 0.1834418838 0.1777834106 0.187923177 0.2030223911 0.200384422 0.1865484043 0.1863401649 0.187997766 0.1607492085 0.1740625728 0.2060007417 0.2065877012 0.2089422211 0.205289871 0.1910103813 0.1734154255 0.1724022176 0.1870033405 0.1726943206 0.1619979557 0.1546732509 0.1487553391 0.1571470633 0.1781137065 0.1741118655 0.1915155281 0.1830577559 0.185322544 0.1694398581 0.1816908509 0.1613969756 0.1670153788 0.1420623186 0.1710203118 0.1672089802 0.1694531976 0.1305043939 0.1363301052
0.1583200541 0.1522596019 0.1706057455 0.1967316636 0.1839677812 0.1850393808 0.1797054069 0.194822692 0.1503043796 0.1933268082 0.1644933821 0.1160781839 0.1691701503 0.1903762648 0.1814903111 0.1993942462 0.2021485716 0.209828628 0.2091968257 0.1975459032 0.1799369071 0.1597902536 0.1785396177 0.1766120155 0.1985168626 0.1896117383 0.2085057505 0.2020581434 0.1846593457 0.1730450522 0.1695066895 0.189246282 0.1973985196 0.1864921236 0.1768595615 0.1673450239 0.1649923128 0.1540237978 0.1740382225 0.2004721789 0.1921327905 0.1501490709 0.1840540189 0.1619409562 0.1675680674 0.1628098177 0.1263496053 0.1637168385 0.1558578198 0.1527384797 0.1475619557 0.1310235477
0.1691113742 0.165825205 0.1677291177 0.1867215108 0.1973649822 0.169798455 0.1799256725 0.1664900795 0.187456684 0.1828506301 0.1517606272 0.191461381 0.1490477773 0.1674914022 0.1880645387 0.1960610583 0.1994695075 0.1903585199 0.208051199 0.2068890712 0.1936327994 0.2033932482 0.1676335329 0.1981755209 0.1846434288 0.1826843263 0.1978486329 0.1839254491 0.196879175 0.1659675629 0.162380625 0.1478392193 0.1901110092 0.1986005262 0.1564209853 0.1585168165 0.1723848189 0.1584806885 0.1797511171 0.183284688 0.1520685218 0.1801380059 0.1861973002 0.1518386434 0.1707425268 0.1828746018 0.1907074366 0.1556021548 0.1644482176 0.1661317947 0.1921609863 0.1492472601
0.161669561 0.1480632079 0.1717453857 0.1767575173 0.1910016335 0.1669745575 0.1706151865 0.1434694314 0.168436557 0.1631318895 0.1910753527 0.1452253419 0.1519184358 0.1507265086 0.1828527152 0.1998635818 0.2063009145 0.1978667161 0.1873985174 0.2091652779 0.1840177643 0.1781922982 0.1968570919 0.1974156319 0.1920606805 0.1899674834 0.179801736 0.1886064891 0.1872825229 0.198054243 0.1753487743 0.188262851 0.2006914816 0.1608675617 0.1822063678 0.1739693818 0.1904099903 0.1825980125 0.1696654114 0.2026065439 0.1579433182 0.1732293594 0.1694399388 0.1793348779 0.1801440816 0.1868853787 0.1881355998 0.2002244972 0.1733789948 0.1734248246 0.1917381469 0.1783430169
0.1211776743 0.1369401237 0.126022979 0.1699590765 0.1585914287 0.1500617248 0.1642239306 0.1392249529 0.1335349441 0.1752933141 0.1805738715 0.1697650567 0.1537886127 0.1915460855 0.1839530197 0.2033511479 0.2060138351 0.1848294691 0.1870602706 0.1733200709 0.1826923759 0.1611512492 0.1807607685 0.1980443086 0.1933836375 0.170094913 0.2024253742 0.185072706 0.1989972308 0.1966607538 0.1786213253 0.1935922006 0.2061642098 0.1874939241 0.1704234904 0.1827244046 0.2053420228 0.1665836082 0.1544105476 0.1608188331 0.1581745542 0.153073862 0.1871206955 0.1931044154 0.1877146986 0.1591864293 0.1804634064 0.1845268002 0.1923085393 0.1611324729 0.1612659713 0.1855135867
0.1396933119 0.0992636882 0.1311574451 0.132998341 0.119639374 0.1678788167 0.1504153452 0.1483727091 0.1605235433 0.1674718624 0.1816179765 0.1688912829 0.1841519786 0.190740105 0.1786814853 0.1726209357 0.188121625 0.174590734 0.1683895639 0.1827568802 0.1567372144 0.1330224395 0.1069395053 0.1287041124 0.1459859743 0.1686433237 0.1820508687 0.1753078341 0.1714397536 0.1952353793 0.1959278982 0.2054058281 0.2037040749 0.1836174904 0.1947502424 0.1839926252 0.1648508485 0.1606165686 0.1723806959 0.1269101775 0.1564204717 0.1865972341 0.196306863 0.1787769147 0.1456786928 0.1582854809 0.1743622912 0.2023509758 0.1912007223 0.1657583314 0.1544445891 0.1842343329
0.1061346274 0.0984363991 0.1180356674 0.1201413581 0.1462738761 0.1654975814 0.1549014392 0.1567257328 0.1753123791 0.1697585026 0.1858394213 0.172815591 0.1980551348 0.1837290825 0.1879730243 0.1667354085 0.1840017355 0.1929880849 0.1377565867 0.1619838121 0.1563806802 0.1213412374 0.1260016187 0.1359557733 0.1293343549 0.1460336079 0.1686732494 0.1855651794 0.1780281935 0.1994289222 0.205325967 0.1916465483 0.1990820915 0.2041957373 0.1620507059 0.1794542177 0.161326282 0.1934772856 0.1695295782 0.1573516895 0.1707307019 0.1915626807 0.1836413366 0.1555314612 0.178708334 0.1619494879 0.1626020722 0.1980680979 0.203789673 0.2022879109 0.1681361419 0.1868229022
0.1156166105 0.1296666164 0.1542173029 0.1399352713 0.1254619167 0.1483206835 0.182111925 0.1981166493 0.1723703672 0.1562608252 0.1608613302 0.1981392401 0.1983567268 0.1874216711 0.1991482581 0.1813876131 0.1871491003 0.1793054071 0.1667289691 0.1478966276 0.1359050095 0.125337132 0.1273881866 0.1562807307 0.1638034059 0.1545903071 0.1388086246 0.1846664247 0.1798540931 0.1900137916 0.1997133423 0.2018957217 0.1981528759 0.1886772311 0.1483446379 0.1537679344 0.19137629 0.169370474 0.1821545998 0.175972632 0.163237448 0.1817149782 0.1773162716 0.1921408504 0.1869216599 0.194103409 0.1770094415 0.1923165768 0.2060891821 0.2044000854 0.1921014278 0.1680072355
0.1239629258 0.156309687 0.1549353378 0.1475171072 0.1693892303 0.1625380587 0.1848037798 0.1846684251 0.1854963916 0.184919973 0.1587168376 0.1632633828 0.1897475233 0.1845153048 0.1856276696 0.199975712 0.1933894368 0.1802799292 0.1506935789 0.1574206258 0.1583351939 0.1650024411 0.1462041488 0.1722312064 0.1632320404 0.151714369 0.1366900805 0.1527763574 0.1667053298 0.1545877416 0.1575380113 0.1787534418 0.1676461496 0.1742528445 0.1603168573 0.147801413 0.1749145778 0.1917938616 0.17598001 0.1824806477 0.1466206409 0.1569951441 0.1882394248 0.1960998643 0.1939147546 0.1891280086 0.1915786194 0.1912856606 0.1895816564 0.1937408888 0.1846836747 0.1764867007
0.1523464499 0.1280655985 0.1755631168 0.1825111713 0.1679939841 0.1811519922 0.1864708824 0.1736236763 0.186697118 0.1675829556 0.1734658687 0.1507773432 0.1704290237 0.1821362166 0.1806452489 0.1895517929 0.1946913341 0.1838259368 0.1568552408 0.1557284805 0.1459828322 0.1435310765 0.1605076046 0.1700046806 0.1793679096 0.1602626868 0.1568221169 0.147477226 0.1719232422 0.1314505223 0.1560893585 0.1547148732 0.1439108539 0.1316618543 0.1768907622 0.1735025692 0.1721031459 0.1802067407 0.1758376265 0.1683156943 0.170779437 0.1508886695 0.1902160022 0.1954843476 0.1804114819 0.1741622626 0.1603985535 0.1759555707 0.184622622 0.1815296092 0.1829266902 0.1440076552
0.1415924589 0.1252993033 0.1539966496 0.1584335867 0.1827709934 0.1711188078 0.1779096434 0.1712908772 0.1536889448 0.1817375889 0.1650513652 0.1863061808 0.1594519922 0.1631554367 0.1707997894 0.1912116883 0.2008722751 0.2093657474 0.1747786775 0.1674791744 0.1752363372 0.1252998153 0.1724723945 0.1852829425 0.1523173471 0.1672140054 0.1780108787 0.1783495444 0.1847998897 0.1852243148 0.1824313727 0.1552257406 0.1514165581 0.1453669612 0.1655889062 0.1750735022 0.1494228436 0.1461626336 0.1901388852 0.1798500018 0.1866903879 0.1759956657 0.1884765907 0.1779475579 0.1559688626 0.1288110718 0.1512037928 0.1686605656 0.1811872293 0.1858912209 0.1606188729 0.1873134263
0.1441124451 0.1477493363 0.1547882274 0.176844116 0.1744739803 0.1828054186 0.1626677355 0.1862928256 0.1527535963 0.1506692941 0.1699745726 0.1678743922 0.1588913388 0.1731445512 0.1940392667 0.1986377548 0.2040323579 0.2086014174 0.2050246929 0.1972256784 0.1572711147 0.1292554199 0.1465454699 0.176345439 0.1709234782 0.1706874255 0.1990578846 0.1822049601 0.187079586 0.1949869111 0.181130136 0.1503381784 0.1469038474 0.173889905 0.1838806932 0.1853897992 0.1458898883 0.1495338822 0.1578867887 0.1764003797 0.1832729196 0.1922139701 0.15932342 0.1742287977 0.1466821995 0.1578148579 0.1491571972 0.1491113356 0.1634398337 0.1698687647 0.1678786011 0.1776981293
0.1596909342 0.1606223469 0.169466902 0.1697407411 0.177651962 0.1596564432 0.1603479499 0.1621177882 0.1585117092 0.1425096489 0.1784895232 0.1685861906 0.1478612124 0.1914592405 0.1909649517 0.1960960095 0.2051183357 0.2026537987 0.2112492144 0.1924005635 0.1837160924 0.1428865873 0.1381199936 0.1519663863 0.1872069095 0.2049358087 0.1887149307 0.1935038179 0.1340558223 0.1925317656 0.1685068197 0.1513274744 0.1584801165 0.168336071 0.2008026578 0.1864370872 0.1427959272 0.1606348526 0.1430017985 0.1822239902 0.1848486956 0.172676859 0.1758258098 0.1758404059 0.1578170074 0.1628614553 0.1602236915 0.1601320628 0.1586399273 0.175778732 0.1592605162 0.181219305
0.1524261966 0.1632672086 0.1636522587 0.144521105 0.1552092303 0.1252840884 0.1388900904 0.1751719611 0.1667476544 0.1691359546 0.1617144092 0.1722990386 0.166444515 0.1642794502 0.1649368064 0.2040820041 0.1942402168 0.2060539923 0.2031827693 0.2108898801 0.1858871568 0.1502581403 0.1178682954 0.1830749706 0.2056326284 0.2108883162 0.2091814766 0.187069959 0.1954390761 0.1439279118 0.1644119464 0.1418884859 0.1717916211 0.1848677377 0.1854632197 0.1954327806 0.1521260107 0.1708229738 0.1924856867 0.1860472769 0.1874149487 0.1679910239 0.1820779292 0.184977263 0.172333757 0.186760779 0.1832517692 0.166554348 0.1691694786 0.125120746 0.1698435888 0.180683596
0.1517247961 0.1579665287 0.1446748453 0.1127685901 0.1178472603 0.1364924527 0.1499375109 0.1472279791 0.1690698594 0.1503831173 0.1688945966 0.1708755629 0.1518566711 0.1505142118 0.1712136526 0.1704194747 0.2009309244 0.1804935826 0.192361903 0.2005603158 0.198868857 0.1766909407 0.17650142 0.1829902247 0.2040234899 0.2103273443 0.2034676216 0.2056475977 0.1927790561 0.1869265888 0.1554122423 0.1735413426 0.1576773369 0.1753479158 0.1985480074 0.1787205875 0.138068386 0.1634614503 0.1854204942 0.1883687521 0.166370812 0.1601362481 0.1851861649 0.1819822543 0.1885422676 0.196152548 0.1870337952 0.1762460326 0.1433611903 0.1642729863 0.1326322152 0.1616537854
