experiments/30000.asc
NCOLS 101
NROWS 101
XLLCORNER 0
YLLCORNER 0
CELLSIZE 0.990099
NODATA_VALUE NaN
[rows 23 to 45 of 101, columns 0 to 51 of 101]
0.2118682662 0.2118682662 0.2118682662 0.2118682662 0.2118682662 0.211122622 0.2118682662 0.2118682662 0.2118682662 0.2118682662 0.2118682662 0.2118682662 0.2118682662 0.2118682662 0.2112910295 0.2108224586 0.209768972 0.2108857306 0.2097239042 0.2063036861 0.2049101563 0.1741090298 0.1802292595 0.1940719737 0.1694981085 0.1674874272 0.1443858919 0.1440740103 0.1345982319 0.1170495843 0.1106156386 0.1019729087 0.1039878093 0.1386394003 0.1153011618 0.1444204234 0.1282074086 0.1272187586 0.1355668496 0.1451567014 0.1625393422 0.1763032615 0.1668785102 0.166919887 0.1577154304 0.1335221184 0.1495641158 0.1070820265 0.1410991629 0.1720314821 0.1377698901 0.179426972
0.2118682662 0.2118682662 0.2118682662 0.2118682662 0.2118682662 0.2118682662 0.2118682662 0.2118682662 0.2118682662 0.2118682662 0.2118682662 0.2118682662 0.2118682662 0.2118682662 0.2118682662 0.2118682662 0.2101975218 0.2094556628 0.2107719784 0.2090605979 0.1778267527 0.1610533679 0.1956417554 0.1890034692 0.1816377552 0.1565017426 0.15945251 0.1618353737 0.1779472125 0.1625217198 0.1006258648 0.0827429492 0.1123730035 0.0956662328 0.1068602078 0.1255415491 0.1646456825 0.1544065173 0.1682118476 0.1643382256 0.1702484757 0.1686393562 0.1746891602 0.1829134736 0.1740255538 0.1612271493 0.1741375899 0.1518408698 0.168217748 0.153645097 0.18366103 0.19160946
0.2118682662 0.2118682662 0.2118682662 0.2118682662 0.2118682662 0.2118682662 0.2118682662 0.2118682662 0.2118682662 0.2118682662 0.2118682662 0.2118682662 0.2118682662 0.2118682662 0.2118682662 0.2109992369 0.211438589 0.210769379 0.2112495172 0.2083552663 0.1949832829 0.1744152953 0.1790963263 0.1837450422 0.17863442 0.1812163971 0.1646860114 0.1641101603 0.168606858 0.1747352911 0.1480296182 0.08 0.0881953321 0.08 0.1476334092 0.1309209914 0.1562855276 0.1826663158 0.139375115 0.1442563676 0.1469087374 0.172855278 0.1790154583 0.1758596134 0.1655947596 0.1707301422 0.1501001314 0.1644123041 0.1836201801 0.1643526781 0.186308113 0.1859966422
0.2118682662 0.2118682662 0.2118682662 0.2118682662 0.2118682662 0.2118682662 0.2118682662 0.2118682662 0.2118682662 0.2118682662 0.2118682662 0.2118682662 0.2118682662 0.2118682662 0.2118682662 0.2102279003 0.2115226041 0.2107559065 0.210933856 0.2111458581 0.2084646731 0.1930637471 0.1805121925 0.1641002105 0.170821531 0.1793100923 0.1495191889 0.1616864392 0.1866647016 0.1712786614 0.1377473152 0.0941741902 0.08 0.08 0.1080469262 0.1339202457 0.1152150144 0.1546004458 0.1300429673 0.1384457762 0.1388322083 0.1494597333 0.1726078519 0.1678314123 0.1574833068 0.1724338711 0.182590569 0.1616615967 0.1777856137 0.1954300685 0.1997999793 0.1979985397
0.2118682662 0.2118682662 0.2118682662 0.2118682662 0.2118682662 0.2118682662 0.2118682662 0.2118682662 0.2118682662 0.2118682662 0.2118682662 0.2118682662 0.2118682662 0.2118682662 0.2118682662 0.2110480405 0.2110968032 0.2111452925 0.2118682662 0.2118682662 0.2006146963 0.1776541796 0.1855562337 0.1480533989 0.1776814169 0.1708643288 0.1836587025 0.1899723412 0.1855732344 0.1850149018 0.1371417058 0.0961444635 0.1071391757 0.1078190054 0.1295952283 0.1301607475 0.1472728758 0.1479511102 0.1578383716 0.1174119639 0.1255609881 0.1191011293 0.1386662587 0.157743428 0.1562831717 0.1941951223 0.1779261348 0.1696474986 0.1908845032 0.2029127642 0.1997427432 0.2067089241
0.2118682662 0.2118682662 0.2118682662 0.2118682662 0.2118682662 0.2118682662 0.2118682662 0.2118682662 0.2118682662 0.2118682662 0.2118682662 0.2118682662 0.2118682662 0.2118682662 0.2118682662 0.2118682662 0.2118682662 0.2007841818 0.2018216628 0.2021929329 0.2118682662 0.1850354378 0.146744857 0.2097753869 0.207983878 0.1879765127 0.2092709991 0.2014494383 0.1754856557 0.153999825 0.1577052754 0.1437539426 0.1095050228 0.1137416398 0.1250577219 0.1421590984 0.1705611131 0.1680340239 0.1689465421 0.1517769566 0.1140201214 0.1449379696 0.1784862966 0.1780333686 0.1981013284 0.1662199002 0.2048459963 0.2009076544 0.2023439052 0.2060218801 0.1980752077 0.2070328055
0.2118682662 0.2118682662 0.2118682662 0.2118682662 0.2118682662 0.2118682662 0.2118682662 0.2118682662 0.2118682662 0.2118682662 0.2118682662 0.2118682662 0.2118682662 0.2118682662 0.2118682662 0.2118682662 0.2118682662 0.2118682662 0.199853579 0.1755722233 0.1882659692 0.1782416678 0.1665828506 0.2021715073 0.1985025123 0.1905985749 0.1944337878 0.176639987 0.1729579669 0.1847044231 0.1737966493 0.1665598239 0.1521521467 0.1419811291 0.1678463612 0.1650126526 0.178035319 0.1990050644 0.1979024631 0.1735279395 0.1575210175 0.1660391832 0.1646661665 0.1764510099 0.1673176632 0.2016866822 0.1955802144 0.1915325809 0.2013550995 0.2044743572 0.2116996431 0.2092299607
0.2118682662 0.2118682662 0.2118682662 0.2118682662 0.2118682662 0.2118682662 0.2118682662 0.2118682662 0.2118682662 0.2118682662 0.2118682662 0.2118682662 0.2118682662 0.2118682662 0.2118682662 0.2118682662 0.2118682662 0.2118682662 0.2030058525 0.2011195324 0.1773477322 0.2118682662 0.19668033 0.1970525378 0.2024637468 0.1840770321 0.1842146235 0.1648339801 0.1761719822 0.1789504042 0.16254439 0.1831352088 0.1716841037 0.1743519013 0.1662953478 0.1894948 0.19680956 0.1968071185 0.1846277376 0.1918513148 0.1966985112 0.141801365 0.1611207946 0.178474451 0.1673355334 0.208585508 0.1975727068 0.1973643431 0.2006250856 0.2100410084 0.2116393899 0.206514185
0.2118682662 0.2118682662 0.2118682662 0.2118682662 0.2118682662 0.2118682662 0.2118682662 0.2118682662 0.2118682662 0.2118682662 0.2118682662 0.2118682662 0.2118682662 0.2118682662 0.2118682662 0.2118682662 0.2036229484 0.1891111175 0.2118682662 0.2014993657 0.2113598915 0.2030917689 0.2035491052 0.210496596 0.2079237512 0.2079362652 0.1957734481 0.2078655905 0.1793329758 0.1745344846 0.1910155687 0.1935624677 0.1900323019 0.1790525583 0.1953706541 0.1935800687 0.1935273302 0.1728443112 0.1838144851 0.1788866253 0.1663621063 0.1727211573 0.1929122101 0.1748272189 0.1917553831 0.176835817 0.176814039 0.1874438274 0.1957399791 0.2103735614 0.2076321088 0.2015058057
0.2118682662 0.2118682662 0.2118682662 0.2118682662 0.2118682662 0.2118682662 0.2118682662 0.2118682662 0.2118682662 0.2118682662 0.2118682662 0.2118682662 0.2118682662 0.2118682662 0.2118682662 0.2118682662 0.2118682662 0.191340526 0.2047532029 0.2116084276 0.2116118171 0.2035108274 0.1978631694 0.2061661624 0.2036623127 0.2014279039 0.2025979393 0.2052618817 0.200749099 0.1758337756 0.1940939558 0.2077738142 0.1819634326 0.1724662828 0.197949091 0.1953505529 0.1886680744 0.183893734 0.1556366503 0.1497632161 0.1773172698 0.1821175329 0.1834935908 0.1906332692 0.1774409926 0.153933574 0.1904707078 0.2074342699 0.1859342033 0.1991855468 0.2035664701 0.2026698002
0.2118682662 0.2118682662 0.2118682662 0.2118682662 0.2118682662 0.2118682662 0.2118682662 0.2118682662 0.2118682662 0.2118682662 0.2118682662 0.2118682662 0.2118682662 0.2118682662 0.2118682662 0.2118682662 0.2118682662 0.2050188973 0.2053417543 0.2118682662 0.2051658649 0.1967840463 0.1990705004 0.2106093733 0.2105918921 0.2086611806 0.2019012662 0.2074677752 0.1927962534 0.2005281739 0.1946110395 0.1992989016 0.1772315711 0.1815632974 0.1802574418 0.1931262176 0.1945905199 0.1975424548 0.1925424503 0.1834424555 0.1845109193 0.1861171385 0.1966909635 0.1850211971 0.1711352246 0.182581301 0.1937163827 0.1834238471 0.1884238611 0.1845386338 0.1965435117 0.2044768071
0.2118682662 0.2118682662 0.2118682662 0.2118682662 0.2118682662 0.2118682662 0.2118682662 0.2118682662 0.2118682662 0.2118682662 0.2118682662 0.2118682662 0.2118682662 0.2118682662 0.2118682662 0.2118682662 0.2118682662 0.2118682662 0.2055087158 0.204656237 0.2051473307 0.2118682662 0.2106380953 0.2108550494 0.2090451226 0.2105706062 0.2034510741 0.2016259496 0.2001576633 0.2000976744 0.1839831934 0.1838334809 0.1893480113 0.1918031363 0.1790110432 0.1979938467 0.1846828359 0.1815145101 0.185138935 0.1983887673 0.2088520687 0.2089452825 0.1692940724 0.1513883875 0.1667191938 0.1959352436 0.170392798 0.1979247351 0.201795577 0.1938335054 0.2001151871 0.2083800518
0.2118682662 0.2118682662 0.2118682662 0.2118682662 0.2118682662 0.2118682662 0.2118682662 0.2118682662 0.2118682662 0.2118682662 0.2118682662 0.2118682662 0.2118682662 0.2118682662 0.2118682662 0.2118682662 0.2118682662 0.2118682662 0.2118682662 0.2118682662 0.2106397123 0.210723397 0.2107504983 0.2105346675 0.2115975603 0.2109051381 0.2110976021 0.1989198121 0.1996843429 0.2036155758 0.1832944626 0.1853001181 0.1893468061 0.1736682733 0.1957344168 0.1846179147 0.1653107233 0.186578061 0.1670294646 0.1952889702 0.2015778468 0.1997015898 0.1694630885 0.1618329073 0.1867505429 0.1785931635 0.1975960325 0.2083636042 0.2115455147 0.2092732929 0.2096358843 0.2099873825
0.2118682662 0.2118682662 0.2118682662 0.2118682662 0.2118682662 0.2118682662 0.2118682662 0.2118682662 0.2118682662 0.2118682662 0.2118682662 0.2118682662 0.2118682662 0.2118682662 0.2118682662 0.2118682662 0.2118682662 0.2118682662 0.2118682662 0.2118682662 0.2118682662 0.210611028 0.2118682662 0.2107772072 0.2115972863 0.2111218835 0.2111460813 0.2051399737 0.204196469 0.2046494492 0.2027015416 0.1970983275 0.1813842858 0.1847629247 0.1933039363 0.1705529332 0.1944866148 0.1735543623 0.1835585012 0.1840995458 0.1968400968 0.1916953265 0.1696761012 0.2014668829 0.1870953571 0.1969381599 0.1897300689 0.2100112779 0.2116824924 0.2098471692 0.2105210053 0.2071774367
0.2118682662 0.2118682662 0.2118682662 0.2118682662 0.2118682662 0.2118682662 0.2118682662 0.2118682662 0.2118682662 0.2118682662 0.2118682662 0.2118682662 0.2118682662 0.2118682662 0.2118682662 0.2118682662 0.2118682662 0.2118682662 0.2118682662 0.2118682662 0.2118682662 0.2104789406 0.2105083031 0.2118682662 0.2115970208 0.211795127 0.211722439 0.2059334326 0.2063448602 0.2022882025 0.2050277618 0.1986494261 0.2027020911 0.204060164 0.1808565767 0.1721468632 0.1733148929 0.1810156714 0.1926986809 0.2037941905 0.1936867516 0.1620147837 0.1868820402 0.1916546474 0.1846935077 0.176549046 0.2069999671 0.2115553015 0.2117772842 0.2094850647 0.2064110429 0.2061495161
0.2118682662 0.2118682662 0.2118682662 0.2118682662 0.2118682662 0.2118682662 0.2118682662 0.2118682662 0.2118682662 0.2118682662 0.2118682662 0.2118682662 0.2118682662 0.2118682662 0.2118682662 0.2118682662 0.2118682662 0.2118682662 0.2118682662 0.2118682662 0.2118682662 0.2118682662 0.21044922 0.210419159 0.2117950269 0.2118682662 0.2118682662 0.2117955683 0.2117366036 0.2063726708 0.2065455023 0.1978408455 0.1993314355 0.2012723539 0.1867106436 0.1997572898 0.1811713674 0.180601515 0.1744909866 0.1729896696 0.1880229285 0.1936722588 0.1961181269 0.1917469869 0.2020782662 0.1952258193 0.1953159398 0.1932782151 0.2054060713 0.2091854639 0.2118625716 0.2005887408
0.2118682662 0.2118682662 0.2118682662 0.2118682662 0.2118682662 0.2118682662 0.2118682662 0.2118682662 0.2118682662 0.2118682662 0.2118682662 0.2118682662 0.2118682662 0.2118682662 0.2118682662 0.2118682662 0.2118682662 0.2118682662 0.2118682662 0.2118682662 0.2118682662 0.2118682662 0.2118682662 0.210462094 0.2102851746 0.2118013946 0.2118342383 0.2116047258 0.2110660085 0.201036396 0.2061583887 0.2065738484 0.2056012121 0.2027757725 0.2014950759 0.1820605057 0.1820969731 0.1641418728 0.1768973076 0.1555732506 0.1953253658 0.1985520727 0.1869010543 0.1989314044 0.1999830397 0.2103117699 0.2061455919 0.1959086218 0.2002518331 0.2087626492 0.2115100647 0.2116720669
0.2118682662 0.2118682662 0.2118682662 0.2118682662 0.2118682662 0.2118682662 0.2118682662 0.2118682662 0.2118682662 0.2118682662 0.2118682662 0.2118682662 0.2118682662 0.2118682662 0.2118682662 0.2118682662 0.2118682662 0.2118682662 0.2118682662 0.2118682662 0.2118682662 0.2112983146 0.2113021227 0.2118682662 0.2095922163 0.2102327529 0.2100458677 0.211081848 0.2104084913 0.2107608146 0.2087659511 0.1990423354 0.2006548994 0.202600746 0.2096433556 0.1800204554 0.1629467188 0.1819207856 0.1865147228 0.2072699141 0.1902278111 0.2028185396 0.1798923433 0.1797935159 0.2117874618 0.1916423381 0.1943326484 0.2002686397 0.2017466973 0.2016821641 0.2114516348 0.2112826644
0.2118682662 0.2118682662 0.2118682662 0.2118682662 0.2118682662 0.2118682662 0.2118682662 0.2118682662 0.2118682662 0.2118682662 0.2118682662 0.2118682662 0.2118682662 0.2118682662 0.2118682662 0.2118682662 0.2118682662 0.2118682662 0.2118682662 0.2118682662 0.2112946858 0.2118682662 0.2113061144 0.2105727089 0.2102314005 0.2103375623 0.2095751308 0.2094876322 0.2092334298 0.20893314 0.2100008376 0.2006683704 0.1845347992 0.1962008487 0.2069535203 0.1854119058 0.1692681269 0.182852927 0.200440498 0.2022160137 0.1794587182 0.182820423 0.1905889356 0.211862085 0.191962222 0.2112022186 0.1747079822 0.2021840309 0.2062928955 0.2060836225 0.2044373323 0.2110108622
0.2118682662 0.2118682662 0.2118682662 0.2118682662 0.2118682662 0.2118682662 0.2118682662 0.2118682662 0.2118682662 0.2118682662 0.2118682662 0.2118682662 0.2118682662 0.2118682662 0.2118682662 0.2118682662 0.2118682662 0.2118682662 0.2118682662 0.2118682662 0.2112912315 0.2112879467 0.2112848257 0.2107216014 0.2117296206 0.2117976159 0.2106784914 0.2094670476 0.2116062509 0.2088443583 0.2078435711 0.1951977428 0.1932095112 0.1958031083 0.2101563408 0.2008145696 0.1989460506 0.2103927324 0.2050970286 0.1942959085 0.2038610706 0.2077527231 0.2010110098 0.1623435923 0.2116477042 0.1860485263 0.1819575053 0.1932071633 0.20970295 0.2043953555 0.2050900722 0.2109878218
0.2118682662 0.2118682662 0.2118682662 0.2118682662 0.2118682662 0.2118682662 0.2118682662 0.2118682662 0.2118682662 0.2118682662 0.2118682662 0.2118682662 0.2118682662 0.2118682662 0.2118682662 0.2118682662 0.2118682662 0.2118682662 0.2118682662 0.2118682662 0.2118682662 0.2118682662 0.2106913919 0.211279052 0.2113192253 0.2113291805 0.2102319646 0.210483048 0.2086526576 0.2083281042 0.2090897301 0.1923031635 0.2049793004 0.1894845106 0.2059283107 0.1965032084 0.2075446833 0.2102976353 0.2118682662 0.2118682662 0.203566271 0.203459152 0.1961405588 0.2063801615 0.1913342909 0.1981238406 0.1918358667 0.1902235248 0.1802194335 0.2033565309 0.1942888024 0.1992150036
0.2118682662 0.2118682662 0.2118682662 0.2118682662 0.2118682662 0.2118682662 0.2118682662 0.2118682662 0.2118682662 0.2118682662 0.2118682662 0.2118682662 0.2118682662 0.2118682662 0.2118682662 0.2118682662 0.2118682662 0.2118682662 0.2118682662 0.2118682662 0.2118682662 0.2118682662 0.2118682662 0.2118682662 0.2113289344 0.2102695715 0.2103390131 0.2081445975 0.2071521016 0.208088844 0.205057236 0.1920440538 0.1678439963 0.2026399753 0.1905656473 0.2057189123 0.2095929462 0.2091662713 0.2114026121 0.2118682662 0.2118682662 0.2023396416 0.2063169284 0.2062596514 0.1876829143 0.2116959677 0.2059049918 0.1907353889 0.1790529532 0.1711729996 0.1688631297 0.1809374194
0.2118682662 0.2118682662 0.2118682662 0.2118682662 0.2118682662 0.2118682662 0.2118682662 0.2118682662 0.2118682662 0.2118682662 0.2118682662 0.2118682662 0.2118682662 0.2118682662 0.2118682662 0.2118682662 0.2118682662 0.2118682662 0.2118682662 0.2118682662 0.2118682662 0.2118682662 0.2118682662 0.2118682662 0.211339424 0.2118682662 0.2107312803 0.2102773916 0.2097396711 0.2078440007 0.2060266206 0.1906516122 0.1790000868 0.1870633707 0.2006919979 0.2069795621 0.2086913687 0.2105036267 0.2118682662 0.2113955961 0.2118682662 0.2118682662 0.2118682662 0.2117165749 0.1927322906 0.2058355885 0.1968077279 0.1973288168 0.1852285938 0.1546496051 0.1743394479 0.1679704915
