experiments/30000.asc
NCOLS 101
NROWS 101
XLLCORNER 0
YLLCORNER 0
CELLSIZE 0.990099
NODATA_VALUE NaN
[rows 0 to 22 of 101, columns 0 to 51 of 101]
0.1527418909 0.134222905 0.1227299986 0.1112205156 0.093691514 0.1365698916 0.1331611173 0.159685098 0.1149361565 0.1265548465 0.152225831 0.1183192076 0.1312284631 0.1337137752 0.1640260716 0.1917570493 0.1590601713 0.1910074013 0.170375419 0.1829814355 0.2007368002 0.1874328784 0.1876842582 0.1947826137 0.198429723 0.1960986919 0.1685609619 0.1785247552 0.1839211294 0.1600122842 0.1885173939 0.1997465314 0.2025475199 0.2010205684 0.1784699151 0.1833794181 0.1669512386 0.1653362902 0.1846663761 0.141597294 0.1599347403 0.153440863 0.1767953207 0.177764188 0.1889847908 0.1813358104 0.1807719607 0.1867453017 0.1414258552 0.1591440009 0.1535600341 0.171753293
0.1518449706 0.1173129453 0.1367733295 0.1280636467 0.1260416412 0.1448838772 0.1151952295 0.1066282468 0.124981185 0.0819883525 0.1319987301 0.1068651785 0.1090735221 0.1611371867 0.1843084145 0.1814123009 0.1927293687 0.1505244626 0.1874183693 0.1804785962 0.1818334114 0.1690964525 0.1975367727 0.2059403975 0.1913371974 0.1719329156 0.1832797779 0.163831341 0.1750478154 0.1870914766 0.1953412317 0.2037309843 0.1989579838 0.1900968138 0.1640460286 0.1523613719 0.1782368207 0.1704099809 0.1641569715 0.1718248796 0.1541715414 0.1887650125 0.1762180935 0.1676788248 0.1762868724 0.196283306 0.1740874235 0.1671037194 0.1648716691 0.159054574 0.1637566012 0.1992608838
0.1353536007 0.1466183441 0.1441502171 0.1536613143 0.1594930268 0.1386608017 0.1089977797 0.1065884353 0.1247858684 0.127952684 0.1033763164 0.1340260886 0.1190915674 0.1345646265 0.1262583194 0.1793814016 0.1843246278 0.1990533269 0.2015672405 0.2007471991 0.1738174264 0.2083431031 0.2079842221 0.2086928547 0.2057005944 0.1794207603 0.1639419147 0.1658719191 0.1519263464 0.1934142095 0.1920343494 0.1954768519 0.1846470671 0.1510353104 0.159137165 0.1804090952 0.1698926484 0.1695804043 0.1592676473 0.1495300769 0.1455936299 0.1561489137 0.1920691237 0.1840556853 0.1949205329 0.196570708 0.1747114234 0.1784735211 0.1726741393 0.1442993806 0.1768930642 0.1744549199
0.1399193334 0.1602904473 0.1551005885 0.1596196699 0.1459994001 0.1289765305 0.139475118 0.1720212586 0.1494388899 0.1503670883 0.1507304251 0.1434490698 0.1246002474 0.1257968749 0.1494798541 0.1586430904 0.1931739188 0.2075675397 0.1824989499 0.1866171187 0.1887619826 0.1811620986 0.2018768802 0.2088484916 0.2084194999 0.1983735649 0.1727509889 0.1755635284 0.1833482205 0.1812484432 0.190928715 0.1823080352 0.1758560782 0.1739761728 0.1580283648 0.1398803855 0.1257180367 0.1667053088 0.1291975329 0.1606075342 0.1168965982 0.1294342123 0.1613615676 0.1739585984 0.1786845659 0.2021321659 0.1867838497 0.1950693754 0.2005209684 0.1902854824 0.1664681958 0.156660767
0.160163732 0.1546654524 0.1666312928 0.1503087471 0.1423681456 0.1220409545 0.131751875 0.1382367441 0.1478506405 0.1304455227 0.1324588283 0.1125223786 0.1308165512 0.1467230707 0.1743845121 0.1787852607 0.1871719355 0.1910598793 0.1822189167 0.180559699 0.1687476425 0.1843647584 0.1775959561 0.1794859304 0.1945503074 0.199016337 0.1616062033 0.1671541926 0.1841321811 0.2070270705 0.2006113543 0.1834822777 0.1781981155 0.1741836114 0.1907976043 0.1639718185 0.1677463654 0.123638985 0.1690428797 0.1241087905 0.1569653304 0.1638128831 0.1348125391 0.1450504365 0.2047460894 0.2058219191 0.2056995593 0.2023237472 0.199813996 0.1902446746 0.1912905664 0.1964066363
0.1472178891 0.1720542176 0.1609852535 0.1538227481 0.167886891 0.1239332594 0.1156138664 0.1250848543 0.1334170024 0.1338970639 0.117407889 0.1248320842 0.1373212985 0.1588467801 0.158619715 0.1762779502 0.1658683164 0.1598448356 0.1675088123 0.1867484197 0.1720345746 0.1759950249 0.1562983677 0.1734290182 0.1545988362 0.1709701569 0.1504082681 0.1787388113 0.1836964653 0.1748021743 0.1757865923 0.1814103923 0.1848049198 0.2058097772 0.2008089653 0.1924399197 0.1613436604 0.1541570472 0.1644515911 0.1628376019 0.1487962296 0.1874248011 0.1564087751 0.1880060885 0.2046424102 0.2060211528 0.2077113596 0.2063970936 0.2054971367 0.2063489785 0.208516556 0.2012300631
0.1725456828 0.1694826694 0.1705757328 0.1761120171 0.1591986872 0.1719084493 0.1212317889 0.1176302741 0.1320979604 0.1301973651 0.133666754 0.1366933625 0.1356405839 0.1646010387 0.1821742956 0.1612717093 0.1725297975 0.164348761 0.1622874078 0.183931584 0.1621368012 0.154794728 0.1765734845 0.1599739294 0.1545940418 0.1703523665 0.1593480872 0.1769887822 0.1346245548 0.1781045901 0.178104746 0.1729210222 0.1962985102 0.1999578739 0.1990086052 0.1910424948 0.1901626955 0.1553427567 0.1189273425 0.1494329359 0.1687124338 0.1545475023 0.1952890789 0.2070305599 0.2067357571 0.2066351184 0.2054367319 0.202160157 0.2073846455 0.2080833074 0.1929780412 0.2002667976
0.1559502913 0.1857544758 0.1864094562 0.1883545986 0.1709555441 0.1478563018 0.1181682689 0.1454218874 0.1189554872 0.1209196734 0.1723032807 0.1085310081 0.1293111605 0.1555196552 0.1623861464 0.1749036529 0.1670201028 0.1955100626 0.1821966626 0.1764979457 0.1738809472 0.1505653015 0.1686997353 0.1342291581 0.1833847864 0.1767546955 0.1864257664 0.165757062 0.1418813399 0.1406848129 0.1655731223 0.1814524038 0.1908518915 0.1973565393 0.1972429096 0.1882695985 0.1855165885 0.1631188759 0.1401374478 0.1264311168 0.1363696017 0.1560520279 0.1740874985 0.2011229134 0.2056695887 0.1999153918 0.1994605289 0.2044589648 0.1996745745 0.2085790004 0.1938435004 0.1762324944
0.195645004 0.1521821089 0.1874864298 0.1917847941 0.1723037782 0.144994393 0.1455283801 0.1655628446 0.1243756929 0.128709346 0.1373398811 0.1407882152 0.1248245689 0.1365186023 0.1699667706 0.1472215129 0.1765094649 0.1752998849 0.1839536225 0.1983069791 0.1762212967 0.160964342 0.115241113 0.1270958711 0.1411300399 0.178105662 0.1807444704 0.1832088043 0.1860844359 0.1533408416 0.1464211463 0.1782353078 0.1897196785 0.199097533 0.1929607352 0.2019618001 0.1966055568 0.1606901915 0.1163769993 0.1465751793 0.1632360381 0.1915568636 0.1847472484 0.1853829936 0.1835648722 0.1999030646 0.1981551405 0.1947449084 0.2030070234 0.1979042041 0.1986479161 0.2087382156
0.1856616089 0.2042223313 0.1843972244 0.1744048412 0.179575005 0.1562155547 0.165435135 0.153911766 0.1647657475 0.1388376859 0.1718653098 0.1554131143 0.1154490745 0.1275364728 0.1451354293 0.1802202837 0.1761695083 0.1829273279 0.1773317541 0.1936244257 0.1844594927 0.1361763727 0.1460609418 0.1128562822 0.0976556534 0.1498108414 0.1857586385 0.1651500991 0.1809010202 0.1425608963 0.1411126346 0.1447217457 0.1776323346 0.1809713053 0.1972325061 0.1973547093 0.1893403922 0.1686084901 0.1374678798 0.1594429204 0.1546035603 0.1910002339 0.1875008957 0.1918825013 0.1926691711 0.2041233926 0.2055086508 0.1912524172 0.1882870422 0.1911353059 0.1984863206 0.2093906694
0.1837499538 0.1892409114 0.1932436917 0.1762919307 0.1603503839 0.1623856464 0.1425920786 0.1641567101 0.1817409738 0.1712995158 0.1596192441 0.1780617057 0.1304892901 0.1401471492 0.17358793 0.1834036761 0.1899243903 0.1738658808 0.1822857947 0.1851197609 0.1652392732 0.139463946 0.1043825992 0.1373454125 0.0974693446 0.1543566787 0.1626835874 0.1727852461 0.1522078782 0.1377571142 0.1493664691 0.1345565193 0.1430897346 0.1806775005 0.1713873308 0.1876617363 0.1629751944 0.1670357426 0.1491209737 0.1887856595 0.1682382487 0.1841676568 0.2027714856 0.2014326596 0.1997844902 0.1949436999 0.2025080694 0.1917269435 0.1825253507 0.1812850078 0.2042947948 0.2109710761
0.1836772569 0.1866350563 0.1810501444 0.1877730179 0.1683131269 0.1752352336 0.132345625 0.1335611951 0.1771784542 0.1762138336 0.1760752623 0.1509400314 0.1577042355 0.1656870812 0.1833052706 0.1946177939 0.1759489764 0.1943533201 0.1781978683 0.1920976008 0.166474963 0.131943038 0.1733828574 0.1349787217 0.1405581946 0.1223725313 0.132594915 0.1644282558 0.1366860454 0.1611469366 0.1489273118 0.1433488064 0.1193505266 0.1374275995 0.1804252358 0.1741998475 0.1999227163 0.1655857244 0.1650807766 0.1622966558 0.1891695429 0.1656895385 0.1951153699 0.19728833 0.1932747843 0.1816468651 0.2042986644 0.1895804224 0.2017190049 0.2060269205 0.2033094039 0.2035518547
0.1974429964 0.1834909345 0.1864602347 0.1841941395 0.2013003182 0.1752252541 0.1728071921 0.1523929601 0.181017362 0.17254731 0.1589937016 0.1468703608 0.1790569131 0.1883701336 0.1989130253 0.185044745 0.1890982391 0.1885214168 0.1832760181 0.1703561687 0.1636588171 0.1428790015 0.1343341417 0.13140896 0.1158905239 0.1310959201 0.1284612101 0.1313885999 0.1384009076 0.1239154751 0.1330724387 0.1739152801 0.1140420815 0.1036276355 0.1598510267 0.1829893557 0.2027118198 0.1853330687 0.1454686332 0.1577724792 0.2006286245 0.1910130204 0.177397667 0.1900178156 0.1900027879 0.1895678313 0.1808018674 0.1946478013 0.2006506808 0.207490464 0.2084767219 0.2091901044
0.1864096995 0.1925520323 0.19449935 0.1782388442 0.1879221639 0.1815837232 0.1413944417 0.1602593635 0.1965051708 0.186049431 0.180276375 0.1796048881 0.1849508359 0.1985448254 0.208996446 0.2073092396 0.1667372098 0.175257941 0.2021052802 0.1808715554 0.1817385204 0.1534874581 0.1594228413 0.1378962605 0.1117472961 0.1019479241 0.1369596056 0.1134413114 0.1327415435 0.1347666328 0.1347341288 0.1239004987 0.1637330122 0.1212015079 0.1189125389 0.1737386061 0.2019331554 0.1723116659 0.1659969185 0.1670888422 0.1840373294 0.1922210574 0.1738916353 0.167159193 0.1786606869 0.1560229218 0.1745161578 0.1910602119 0.2014545615 0.2057324448 0.2105140457 0.2086445988
0.1990420014 0.1793108701 0.199471285 0.1988518115 0.1839535932 0.1890630071 0.1857798967 0.1737490499 0.1707369875 0.2085784371 0.1897321072 0.1975793357 0.2077345006 0.205176186 0.2033644788 0.1876590882 0.1670837979 0.15680809 0.1962808191 0.1957708474 0.2016029154 0.1979180727 0.1756056576 0.14072234 0.1163800243 0.0955040521 0.1175227085 0.1200736947 0.137295577 0.0990232222 0.1150091329 0.1371510942 0.0975795883 0.1569691628 0.1326114594 0.1655207418 0.199079592 0.1930576425 0.1545300083 0.174242674 0.1825435038 0.1698853303 0.1791690748 0.1893395922 0.1393024788 0.1458181224 0.1673901053 0.1865639341 0.2011284403 0.2059423828 0.2057453512 0.2073180843
0.1777604017 0.1943060567 0.1871642668 0.2118682662 0.2074009262 0.1977686496 0.2045056581 0.186123655 0.1724318575 0.2017138676 0.2091688063 0.2104769625 0.2088650592 0.2106406475 0.2047008462 0.1916980054 0.1675708479 0.15648984 0.1724145155 0.2055590197 0.1987793602 0.2088431464 0.1774851684 0.1505853219 0.1168000579 0.0999916829 0.1217713875 0.1142451321 0.1071723106 0.1097766763 0.1206868037 0.126524412 0.1431585985 0.1386520249 0.1360589161 0.1471608548 0.1821023995 0.1815960519 0.1762927259 0.1402844498 0.1703207823 0.1633366241 0.1959689085 0.1849730436 0.1667061528 0.1581105139 0.1860313205 0.1759080067 0.1934443214 0.2029163693 0.2050565462 0.2072723355
0.165077879 0.2115010607 0.2115572324 0.211558964 0.2111437765 0.2037541846 0.1949925467 0.1838661458 0.2111341262 0.2023401215 0.2104076218 0.2098892625 0.2108077407 0.205708043 0.2065210242 0.1994465122 0.1959846027 0.1534693832 0.1490627763 0.1717483995 0.1810054998 0.2002574215 0.1805489544 0.1644316329 0.1278548985 0.1302078992 0.084839282 0.1027543004 0.1226837911 0.1330191253 0.1184881739 0.1400951144 0.1755084017 0.1468498158 0.1264981034 0.1590398373 0.1598296582 0.1646207897 0.1321892377 0.1404220869 0.132792526 0.1751575882 0.1760253645 0.177685272 0.1921789982 0.1828161832 0.1960495506 0.1973194529 0.1992076285 0.2020109922 0.2048129992 0.2069581712
0.1825077983 0.2010679784 0.2112492366 0.2112727749 0.2104215996 0.2063137912 0.1930668485 0.2059566508 0.2111619468 0.2113892347 0.2116586941 0.210111027 0.2024714027 0.1934120511 0.1923645474 0.2050332191 0.1720385439 0.1672839642 0.173659558 0.1776744701 0.1940839201 0.1859020127 0.1805945412 0.1485359183 0.1401404191 0.1375159724 0.1422178037 0.1204865358 0.1091733039 0.0990334068 0.1244408141 0.1523823779 0.1361766051 0.154968351 0.1260077236 0.1387235171 0.1713621455 0.1610228202 0.1214372169 0.1044176429 0.1601325772 0.1855154972 0.1841634088 0.1970147139 0.1920603499 0.1970618389 0.2012849056 0.1975290847 0.2018008063 0.2034705336 0.2033570853 0.206904776
0.2106123551 0.2118682662 0.2112729197 0.2118682662 0.2112976699 0.2109192472 0.1944356028 0.2050631465 0.211591669 0.2050630623 0.2116291608 0.2039205433 0.2038245155 0.2064121885 0.2041710604 0.2108723298 0.2102100792 0.1982905195 0.1717446893 0.1878060264 0.1952701879 0.1916983747 0.1859305121 0.1688588559 0.1542324898 0.1640175678 0.1424907843 0.1349679972 0.0899058151 0.1035132591 0.1196108903 0.0995112146 0.0963064378 0.1148449752 0.1545651614 0.1457537675 0.1234218888 0.1250244241 0.1029904632 0.0927413878 0.1296249233 0.1529172478 0.1409572172 0.1782873219 0.1979843948 0.1899307189 0.1904986913 0.1884270297 0.2014221767 0.1909941788 0.2037758978 0.1991338369
0.2107258334 0.2109147881 0.2118682662 0.2115833471 0.2118682662 0.2118682662 0.2113044133 0.2108980275 0.2049661048 0.2048733588 0.2039357387 0.211104985 0.2104358657 0.2093882989 0.2086176993 0.211351399 0.2095328485 0.1917108188 0.2094085403 0.188790608 0.1983657201 0.1956093774 0.1865695082 0.1644216653 0.1732782614 0.1449257995 0.1263781593 0.1212756965 0.1381159094 0.1185939474 0.1152060902 0.1212081027 0.0993691525 0.1429870204 0.131773222 0.1403678699 0.1152977024 0.0821803632 0.1274358237 0.1131654345 0.1429079134 0.1197041722 0.1022848126 0.1657556557 0.1917841415 0.188831013 0.1812092517 0.1884504621 0.1788190345 0.1737315989 0.1859236572 0.1994289725
0.2106043741 0.2106135645 0.2118682662 0.2118682662 0.2118682662 0.2118682662 0.2115861504 0.2112818121 0.2058950862 0.2115941031 0.2113336567 0.2111383421 0.2105856246 0.2090360892 0.2102248656 0.2070429961 0.2109396073 0.2003928352 0.1916814271 0.2086358865 0.198788822 0.1948708111 0.1912113671 0.1731668744 0.1543452298 0.1405259404 0.1374015074 0.1593952598 0.1548408905 0.131706331 0.1042196644 0.1393145616 0.1220851978 0.1360309165 0.1447319363 0.1417532515 0.0999671972 0.1216234601 0.1271457557 0.1413072492 0.1555941298 0.1223435288 0.1715511081 0.1589946044 0.1880141384 0.1683668473 0.1602939289 0.150899173 0.1807994843 0.1725784175 0.1962534375 0.1891203462
0.210471112 0.2111659073 0.2111516282 0.2118682662 0.2111432083 0.211139309 0.2118682662 0.2115788885 0.2019118554 0.211586735 0.2110488644 0.2118682662 0.2114175736 0.2114062032 0.2085103286 0.2094814039 0.210962192 0.20986103 0.2088842723 0.2082920407 0.2046824616 0.1992725616 0.1976396145 0.18434705 0.1475452737 0.131203771 0.1562199283 0.1325524118 0.1245896352 0.137658518 0.1183133285 0.1094400256 0.1080813159 0.1342232534 0.1365068577 0.1169981194 0.1163416598 0.1334018432 0.1460353434 0.1347783843 0.1291277362 0.1631439093 0.1887433483 0.1845881699 0.1897045004 0.1812032714 0.134723831 0.1277646359 0.1460445868 0.1807658163 0.1735453038 0.1611539639
0.2118682662 0.2104609391 0.2118682662 0.2111473125 0.2111256106 0.2103983052 0.2111320953 0.2067002482 0.2118682662 0.2118682662 0.2113153407 0.2118682662 0.2118682662 0.2116408134 0.2106794232 0.2086729901 0.210335041 0.2089557125 0.2097774932 0.2083671121 0.2087801455 0.2072892623 0.1952112999 0.1552648491 0.1520790936 0.1419969048 0.1233805312 0.1348973972 0.1125263086 0.1040059189 0.1122910606 0.1085376353 0.129829752 0.1117602953 0.1425798812 0.1230328727 0.1433327695 0.1128215491 0.154593415 0.1370038066 0.1411143368 0.160882844 0.1745301659 0.1767180806 0.1814558444 0.1241988536 0.1269964847 0.1297274354 0.1397680419 0.149137664 0.1478487858 0.1612653718
