experiments/50000.asc
NCOLS 101
NROWS 101
XLLCORNER 0
YLLCORNER 0
CELLSIZE 0.990099
NODATA_VALUE NaN
[rows 0 to 22 of 101, columns 0 to 51 of 101]
0.2928207651 0.2914098836 0.2792466842 0.2923698991 0.2571540298 0.2105809642 0.2205285294 0.2611689712 0.2011709157 0.2618544966 0.2806888783 0.2737089008 0.2649800523 0.2749306136 0.2247119115 0.2607275369 0.2547165545 0.2579277188 0.2000089219 0.1555185916 0.1475037771 0.1915294315 0.1889888841 0.2462888013 0.2068079096 0.2167182434 0.2347659395 0.2209974691 0.2224468673 0.2125678636 0.1985648963 0.2183088977 0.2316516084 0.1872698591 0.1782281402 0.1710100201 0.1524589197 0.1620851482 0.1612382945 0.1229417672 0.1386262823 0.1181507503 0.0919342339 0.1278523855 0.1572601003 0.1395587361 0.1263431712 0.1452679735 0.147376646 0.1627345429 0.176158763 0.2284509933
0.2783150836 0.2773067481 0.2903851556 0.2922213585 0.2766749095 0.2576490614 0.2432565431 0.2047528274 0.1868879426 0.239389947 0.2567946845 0.2433070069 0.2657422367 0.2844572936 0.2694583726 0.2611808499 0.2453902562 0.2460040869 0.1776443974 0.1472969717 0.0966156142 0.140327376 0.2056060731 0.1902647196 0.1824336727 0.2379891065 0.2132500093 0.1969830733 0.2207824413 0.2197037653 0.1456317138 0.1815371812 0.1883074945 0.2013163274 0.1907700621 0.1845422226 0.1970057406 0.1672705703 0.1407561933 0.1625748133 0.1708713874 0.1092582925 0.0989202836 0.1284639492 0.1241375143 0.1452988218 0.1461685547 0.1341553396 0.1588398115 0.18358651 0.235519937 0.2036823733
0.2790784535 0.2899670411 0.2671351139 0.2746388355 0.2624062258 0.2539549382 0.2643317862 0.1901192639 0.1935943653 0.2239770579 0.2448294168 0.2308235522 0.2469140041 0.2599085616 0.2821239304 0.2510446253 0.2605347653 0.2399670385 0.2260240475 0.1778743195 0.1924567106 0.1619649408 0.1676961881 0.1589965186 0.2112708913 0.1623004903 0.1565943037 0.2243263909 0.1798090187 0.1500390318 0.1451933531 0.1997419224 0.1807222162 0.1571485999 0.2096899476 0.1907956966 0.2095983955 0.1792136851 0.1730264181 0.1394870815 0.1550094603 0.1625713062 0.1540483898 0.1160401644 0.1204046184 0.1606854591 0.1592008865 0.1052645552 0.1362597747 0.1721034735 0.2029258077 0.2109482172
0.2622606541 0.2601465536 0.2762817016 0.2803688985 0.2733634675 0.2769336706 0.2276930978 0.2745760294 0.2433952659 0.2279471228 0.2279470345 0.2407871978 0.2364894315 0.2644206419 0.26955589 0.2543545791 0.2355136098 0.2417857202 0.2074010525 0.2066287681 0.2175205155 0.1962001159 0.1846228615 0.1619800826 0.1857880396 0.1658451813 0.1675544866 0.192001315 0.1867216881 0.1640214523 0.19285247 0.1950368798 0.1728571042 0.205958971 0.2040592093 0.1945758734 0.1763255026 0.2052394985 0.1805421614 0.1703267938 0.1661255567 0.1558994245 0.1882025868 0.1632428127 0.19100713 0.1815004018 0.1777372805 0.1599138134 0.1304358785 0.1550143303 0.1887826053 0.2060227204
0.2653388772 0.2542898094 0.2416952621 0.265593619 0.2884709031 0.2370141341 0.2477411263 0.2575558461 0.2440722019 0.2097760917 0.2357258627 0.255905055 0.2557578653 0.2484141268 0.2531182162 0.2593036323 0.241115698 0.2389414454 0.1914122809 0.1927747392 0.2327420497 0.2151243723 0.1774663637 0.1749913376 0.1445791339 0.2086154887 0.162911998 0.2037854723 0.1941096834 0.1688964072 0.1795423606 0.1948686084 0.1963350003 0.2028373599 0.2115416083 0.1508482474 0.1551339892 0.1590936655 0.1910807673 0.2009591248 0.1528915424 0.117659109 0.1584341003 0.1609837049 0.1697178596 0.1875834085 0.2051897168 0.1546949925 0.1884613358 0.1758661897 0.1830353717 0.2392808155
0.2636355785 0.2565712811 0.216211661 0.2660310604 0.262343843 0.2331802618 0.2489947909 0.2510650925 0.2654501024 0.2407999409 0.1981040519 0.1978519095 0.2388772521 0.2451754514 0.2478253777 0.2506806741 0.2458966959 0.2569548469 0.2357055471 0.1872768847 0.197765162 0.1925850484 0.20044521 0.1460788282 0.1709941031 0.1810474291 0.2304386539 0.1596379827 0.1846992407 0.2120333982 0.2068115378 0.1786601038 0.1704357766 0.1642230596 0.1828903681 0.1406217314 0.112337106 0.1641024119 0.1790148802 0.1947239009 0.1702368939 0.1707842839 0.1495085059 0.1623256498 0.1994169899 0.2115334011 0.1607731128 0.1679445246 0.1999536552 0.1807686413 0.1704160641 0.1907708728
0.2384234985 0.2418148307 0.2704401071 0.2280099356 0.2434602372 0.2662342464 0.2707218636 0.2340179521 0.2423582675 0.2403750123 0.2068177496 0.1723335805 0.2175786055 0.2406707711 0.2361843427 0.24550107 0.2460925952 0.2243850156 0.1884090546 0.2071786875 0.1997417768 0.1981882549 0.1406503915 0.1780764177 0.1688378738 0.1902910172 0.1843124982 0.1796332758 0.1889765426 0.2210509374 0.2083864179 0.1361188003 0.1497819172 0.1517476082 0.1663757631 0.1202299786 0.1209625296 0.148404263 0.1753884311 0.2004459534 0.1625277458 0.1992381789 0.2044245703 0.2084134916 0.1804932128 0.186653195 0.161465426 0.1964394944 0.1944495278 0.1626327598 0.1549271162 0.225710416
0.2163657894 0.2357047854 0.2878028968 0.2737785646 0.2556014777 0.2644419807 0.2470323702 0.2564208491 0.2196585089 0.2151180925 0.1833868771 0.2145641451 0.225831054 0.2236759903 0.2273822264 0.2263462645 0.2160642744 0.2114401765 0.1398697063 0.1246206725 0.152189696 0.1491696378 0.1465601841 0.1821763631 0.1580976068 0.126322319 0.1472953608 0.2112724525 0.2085204413 0.2184015718 0.2136398516 0.1839334226 0.1622677167 0.1711455943 0.1898958435 0.1378224129 0.1646440368 0.1240026944 0.178134616 0.1856187724 0.16726131 0.1774720192 0.1399888825 0.1588818718 0.1623298354 0.1635053721 0.1887965467 0.139734493 0.1900422804 0.1904260335 0.1924833217 0.1657097647
0.275367853 0.253833723 0.2626929274 0.2618026261 0.2807256826 0.2584353224 0.2223509229 0.243353054 0.2190152214 0.2282339129 0.234050938 0.2113218743 0.2316535653 0.185504308 0.2193272675 0.1952101398 0.2150197338 0.1625109709 0.1434253463 0.1197054489 0.1235298232 0.1671316183 0.1857072122 0.1515313099 0.1892770124 0.126670564 0.1321839516 0.1963474642 0.2088668915 0.2142317398 0.2031730609 0.181123432 0.149367855 0.1474374296 0.171350264 0.1525279874 0.1455050792 0.1638484856 0.177067048 0.1491908199 0.210930144 0.1479818434 0.1560740326 0.197731298 0.163615746 0.1763898848 0.1796156577 0.1673476972 0.1814648224 0.2001643759 0.2046908676 0.2300290192
0.2500352967 0.2587989232 0.2675063997 0.2594573032 0.2650776246 0.2302453789 0.2073063512 0.1622551207 0.2215470718 0.2240326221 0.2298756602 0.2222328739 0.187574232 0.2148941408 0.1958592412 0.1992676077 0.2148674215 0.1471134827 0.1576187749 0.1515034974 0.1024077196 0.1409843195 0.1676837605 0.173959017 0.151085828 0.1653149902 0.2059000265 0.1519769903 0.1776341575 0.1690818642 0.1862714788 0.1872002965 0.1630930674 0.1474939429 0.1289830896 0.1522264721 0.1138084642 0.1828003543 0.1595055756 0.1527478358 0.2059837489 0.2193018899 0.1347680964 0.1335968286 0.1603896269 0.1803467516 0.1954934855 0.2383552232 0.2240081643 0.2096485743 0.2535141895 0.2482649304
0.2596532159 0.2677665452 0.2664639763 0.2676059212 0.2530928764 0.2431207636 0.1972320087 0.2132627484 0.1848982829 0.2343624219 0.2453494726 0.2186818994 0.222940714 0.1656471419 0.1781396336 0.1561886315 0.1690354453 0.1520110919 0.1299368042 0.121039296 0.1279992901 0.1313232619 0.1936627928 0.1727914195 0.1619689074 0.1719358794 0.1940209409 0.1742707928 0.1586453498 0.1582323199 0.1941762861 0.1865608478 0.1748604218 0.1891631193 0.1656497185 0.1385357011 0.1175854644 0.1410451617 0.1683207761 0.1757948248 0.2073128675 0.1814003415 0.1372978161 0.1332886444 0.1594843689 0.1893094513 0.2070424258 0.2267404589 0.2413519509 0.2322952935 0.2158648758 0.2604281399
0.2790592191 0.2705213079 0.2743594655 0.2759247939 0.2482612852 0.2552293073 0.2593718981 0.2149834405 0.2743000115 0.2290137958 0.2157776072 0.2146261043 0.2429546581 0.2070570251 0.1771385079 0.1529129963 0.1425690549 0.127432391 0.1879724833 0.1800332314 0.1133290983 0.1745724308 0.1349237752 0.1599927559 0.1655352267 0.1804885225 0.1789783713 0.1614535936 0.1165800909 0.1560275443 0.1974273333 0.1881427414 0.1483424292 0.1547767697 0.1344124306 0.1670800972 0.1307515297 0.1730708885 0.1549450852 0.1631155563 0.2058135589 0.1795698256 0.1479426682 0.1563678525 0.1291294763 0.2312690559 0.1952089316 0.2348466145 0.2495984614 0.2260480975 0.2420264313 0.2717431172
0.2921749463 0.2778476885 0.2663627723 0.2790589646 0.2755101053 0.2475222216 0.2453907112 0.2226074637 0.1978015342 0.2215057086 0.2306456978 0.2330408032 0.2213452989 0.1519865861 0.1794223653 0.1605630034 0.1215786315 0.1378054774 0.1563296617 0.1486940121 0.1534834731 0.1156557018 0.1360440487 0.1752437363 0.1622934198 0.1680787728 0.1590573262 0.1647299933 0.1651324202 0.1903037208 0.1773894877 0.1653657323 0.1911110336 0.1496998797 0.1933586152 0.2033131089 0.1657751814 0.2273451391 0.1993546302 0.208964849 0.1994510996 0.1721314313 0.196871568 0.2138451894 0.2050503213 0.1628055523 0.1761764599 0.1859544551 0.2418586333 0.2331066249 0.2121614282 0.2121556809
0.2671146707 0.2785632433 0.2809631858 0.2656887629 0.2754384763 0.2349137037 0.1924693275 0.2241084116 0.1987217584 0.2279405556 0.2344473263 0.251291983 0.1674518122 0.1766066211 0.1785946562 0.1615779318 0.1836410131 0.1770157485 0.1533398172 0.0858878026 0.1320632313 0.111302343 0.1327355917 0.1593288697 0.1528279835 0.1958053584 0.158313112 0.2034784563 0.1626485925 0.1359190867 0.1608631207 0.2022912726 0.2064845201 0.2121557068 0.197534042 0.2070379589 0.2019048199 0.2252981994 0.2050228975 0.2038300416 0.2107189271 0.1870599262 0.1746125661 0.2293215285 0.2537534932 0.1847730815 0.211034817 0.2322048218 0.2160906536 0.2398011832 0.2406424973 0.2384838601
0.2886866876 0.2730440819 0.2671291016 0.2803082685 0.2510613635 0.2066988107 0.2236010125 0.2100120818 0.2131206071 0.2047541618 0.2116236516 0.2051412107 0.2002841811 0.1703393868 0.1670455937 0.1643087254 0.1580561741 0.1767293682 0.1419988468 0.1111300436 0.0859213747 0.0859213747 0.1241346163 0.1406391248 0.131703418 0.1774346404 0.1704859455 0.1555301137 0.1281936015 0.1668743782 0.1632740369 0.1561314252 0.1982147287 0.2451386737 0.2219622638 0.2419328416 0.1995806464 0.2122034357 0.2488773397 0.1962662132 0.2055453649 0.2040732056 0.1861291379 0.2107362492 0.2443294898 0.2348481907 0.2375032654 0.2102953022 0.2005614785 0.2478366295 0.2199670511 0.2713631032
0.2869840796 0.2811548896 0.2793230103 0.2756437724 0.2267726358 0.260591557 0.2540638653 0.2709728507 0.2461446706 0.2024588561 0.2088817667 0.1798183121 0.180899064 0.2165779396 0.1604675158 0.1696818099 0.1762812164 0.1795924476 0.1477294994 0.134819297 0.0858686965 0.0932336281 0.135640989 0.1539029018 0.1760448163 0.1575406662 0.1550833702 0.1654907902 0.168586006 0.1908515238 0.1972011752 0.1963735143 0.2074042457 0.2327358819 0.2550899583 0.2292755991 0.21248163 0.2409728105 0.2279636932 0.2484665665 0.1922726243 0.2103676237 0.2163904128 0.2014592873 0.2455591927 0.2609125486 0.2656393769 0.2220682131 0.2107832386 0.2329620341 0.2532995457 0.2574303954
0.290583888 0.2813530285 0.2893970193 0.2561285817 0.2422566703 0.242294704 0.2668773547 0.2641867769 0.2070036894 0.1437355287 0.1721883421 0.1716482399 0.176443434 0.2140712115 0.1790567434 0.1469072044 0.1655612002 0.176870518 0.1457678857 0.1506002402 0.0858687471 0.0880878962 0.1206385153 0.1009999091 0.1630802326 0.1564892295 0.1684044665 0.1836824806 0.1843910121 0.1374385688 0.1573097517 0.1786492455 0.2230204054 0.252498744 0.2483809476 0.2470911703 0.2423841723 0.2576789847 0.2513772375 0.1967011771 0.2259710821 0.2139616346 0.2492935375 0.2316719567 0.2134488246 0.2257105193 0.2478117087 0.2695990333 0.2832565153 0.2809893496 0.2768320155 0.2731185883
0.2860856513 0.2866645129 0.2730546273 0.2479565128 0.2067767353 0.2389300741 0.2114705742 0.2038772841 0.1711715247 0.182397775 0.1895956118 0.1789754331 0.210189178 0.2038340733 0.146253283 0.1934713721 0.1570240546 0.1618654072 0.1711593 0.0858688893 0.085868796 0.0859213747 0.0859213747 0.102324169 0.1144712873 0.1232241282 0.1330966669 0.2104545185 0.1772446882 0.1657638272 0.1632678125 0.1852365218 0.2291132657 0.2626167681 0.2415997207 0.2388694356 0.2243484788 0.2390410638 0.2466840844 0.2468338854 0.2379351577 0.2202675543 0.2510998512 0.2273079687 0.1506349653 0.1816023049 0.2575717238 0.2610499 0.2817171691 0.273864549 0.2842311484 0.2799311166
0.2879364573 0.2847777488 0.2511708623 0.2196748349 0.2119855901 0.1615622962 0.1750791019 0.1702983354 0.2516452735 0.1968485218 0.1940349798 0.1732598178 0.2029851298 0.1879266037 0.2093154085 0.1731546695 0.1444928047 0.1266859026 0.1158797795 0.1216960292 0.0873465815 0.1210003139 0.0859213747 0.112505041 0.1143577398 0.1306934081 0.1567542021 0.185800476 0.1899096127 0.1945229178 0.1908501335 0.1581582826 0.1829081301 0.2363612319 0.2494005734 0.2246290833 0.2221318316 0.2510144241 0.2638844585 0.2615688519 0.2574663247 0.259464214 0.2531705608 0.2544422226 0.2592226798 0.195256544 0.1801844702 0.2706258271 0.2780144147 0.2697079481 0.2791053485 0.2908330081
0.287051731 0.2751395209 0.2748511998 0.2378737805 0.2334844758 0.2005934485 0.2225196746 0.2532246255 0.2372168303 0.2524267089 0.2006149813 0.1663691268 0.2043567086 0.1962348794 0.1825119472 0.2046838773 0.1264355045 0.1168512914 0.127165749 0.1319930742 0.1330603872 0.1611890806 0.1706723916 0.1499803029 0.1492243392 0.1748040725 0.1432934062 0.2004449928 0.1737200534 0.1794348497 0.1816473674 0.1783421757 0.1961832131 0.2411508507 0.2608681252 0.2520058669 0.2534438847 0.2313239402 0.2593419884 0.251812482 0.2632027203 0.2686295831 0.2534922112 0.2664486521 0.2741259502 0.2572696487 0.2483424732 0.2246566798 0.2557040337 0.2878180624 0.2921738869 0.2914898259
0.2848296312 0.2711324144 0.2638756121 0.2447764674 0.2407657475 0.2397732368 0.1957716897 0.2643343226 0.2534533831 0.2352755881 0.2207760489 0.1683552963 0.1561989889 0.1870455201 0.1757596987 0.1800064477 0.2139409984 0.1604247123 0.1433867456 0.1479366728 0.1112197951 0.1531163996 0.1604715028 0.1248491254 0.1186260567 0.1241649727 0.1522724177 0.1452732401 0.2134696824 0.2079085584 0.1348203571 0.1920459134 0.217770481 0.2487076978 0.2264578452 0.2691143273 0.240892747 0.2507226884 0.2424532146 0.2592046881 0.2467132308 0.2655762941 0.2833118091 0.2776842811 0.2860728758 0.2841146686 0.287039805 0.2583371622 0.2656060249 0.291851556 0.283681222 0.2813472969
0.2739329893 0.2797037463 0.2481045418 0.2287691642 0.221379991 0.1740921497 0.2040726733 0.2595675777 0.25795625 0.2243332543 0.2164376554 0.2223557848 0.1726521658 0.1595906217 0.1971481405 0.1662253315 0.1892851333 0.2149747053 0.1725032884 0.110506435 0.1505212947 0.1739694165 0.1761786052 0.128085121 0.1359348179 0.0978410604 0.1807574842 0.1921861604 0.2074132209 0.1827202269 0.1870317015 0.1483078132 0.2211037206 0.2330991254 0.2617792564 0.2390049033 0.2418658525 0.2466940987 0.2513210235 0.2467341987 0.2705597768 0.2812253607 0.2838997508 0.2768726305 0.2842863778 0.2902462693 0.2880799056 0.2795950382 0.2917651891 0.2827146579 0.2923014589 0.2734547256
0.2645375707 0.2481375713 0.2593898736 0.2831639845 0.2252099659 0.1716746429 0.2091148091 0.2166422601 0.2435872079 0.2216548188 0.2037902118 0.2207820503 0.2056207824 0.2206833984 0.1453642278 0.1389924755 0.2044313229 0.1967156356 0.189088334 0.1766562903 0.1885092836 0.1440476748 0.1344943269 0.1298324445 0.1083685637 0.1088899242 0.1880423265 0.2180654091 0.2154036492 0.21613673 0.2051647306 0.1995910915 0.234745447 0.2522702431 0.2389173036 0.2681728878 0.2648354967 0.2683901091 0.2672856967 0.2604156864 0.2699810836 0.2833469262 0.2844561181 0.2851118353 0.2816320155 0.2859796816 0.2907480118 0.2908604541 0.2823172256 0.2930168766 0.2938576505 0.2930149932
