experiments/50000.asc
NCOLS 101
NROWS 101
XLLCORNER 0
YLLCORNER 0
CELLSIZE 0.990099
NODATA_VALUE NaN
[rows 69 to 91 of 101, columns 0 to 51 of 101]
0.1921479858 0.1950192161 0.1473070409 0.1165115695 0.12650794 0.1618750879 0.203795662 0.2074485938 0.2370603951 0.2018392668 0.2278622719 0.2668651604 0.2543409351 0.2401991545 0.2500619014 0.2404033704 0.2064579625 0.1993432011 0.214644261 0.244073731 0.2632655048 0.2430875148 0.2360330069 0.2456660952 0.2440373916 0.2710215332 0.2674340583 0.2696032282 0.2702368352 0.2638552981 0.2742551111 0.283221688 0.2718180326 0.2809798762 0.2824083404 0.2849640986 0.2882004104 0.2886420546 0.2902715365 0.2886402665 0.2901165733 0.2921931785 0.2929023351 0.2920267743 0.2921424054 0.2924744918 0.2925502504 0.2940743607 0.2940743607 0.2938142094 0.2935542817 0.2940743607
0.2152494336 0.212930949 0.1865954238 0.17719178 0.1355448444 0.1943535897 0.2055437906 0.2322080131 0.2401808525 0.1984037151 0.2002357927 0.2271068179 0.2098855489 0.2624076365 0.2360190321 0.2099350007 0.2442685058 0.237126818 0.2493177817 0.2563509987 0.2540163216 0.2790899144 0.2678984428 0.2564494673 0.2687902498 0.2605404876 0.258455358 0.2763957129 0.2813506388 0.2736840574 0.2629366701 0.2672383071 0.2686412117 0.2772973892 0.2841197072 0.2834918016 0.2881791774 0.2871302353 0.2878384238 0.2917006023 0.2921532584 0.2928151211 0.2905594866 0.2912229988 0.2925750042 0.2928191232 0.2932930254 0.2938597388 0.2940743607 0.2940743607 0.2938135943 0.2940743607
0.2305615723 0.2395507826 0.2219920831 0.2006778227 0.1880006581 0.1419267669 0.2077486412 0.2028927093 0.1852775729 0.2148850414 0.2108193369 0.2629971508 0.2066094528 0.2523753742 0.261230963 0.2233151818 0.2340782507 0.2783547923 0.2826559632 0.2690855872 0.2594523276 0.2732222032 0.2817396557 0.2753326294 0.2774284718 0.2702321201 0.2867904041 0.2681871556 0.2864351596 0.281841194 0.258954972 0.2688553745 0.2758955859 0.2665831708 0.288742849 0.2852898976 0.2868407479 0.2868373688 0.2904529662 0.293104874 0.2931518749 0.2913640137 0.2910079793 0.2929210509 0.2931731583 0.2932165836 0.2938636301 0.2940743607 0.2940743607 0.2940743607 0.2940743607 0.2940743607
0.2135111194 0.1948685599 0.1997411974 0.2114363937 0.2098073369 0.1933447843 0.13649256 0.1942591695 0.2101922571 0.213832637 0.2128217361 0.252610864 0.2408021303 0.2400158795 0.2773018477 0.2513184749 0.2809232456 0.2776707402 0.2752183283 0.26754493 0.2689548284 0.2711297125 0.2850480829 0.2584372714 0.2493162137 0.2783920943 0.2829827279 0.2677630203 0.2478454937 0.2531504698 0.2763657239 0.2722566158 0.2541438003 0.2728645923 0.2745328236 0.2806261257 0.2876345519 0.2912264912 0.2938268245 0.2919696431 0.2904382953 0.2881177996 0.2904231686 0.2901581428 0.2927976836 0.2940743607 0.2940743607 0.2940743607 0.2940743607 0.2940743607 0.2940743607 0.2940743607
0.2046879688 0.1896586167 0.2003175703 0.22565622 0.1800127835 0.2004344358 0.1252442743 0.1814910614 0.2133293514 0.2138089793 0.2528447773 0.2505983193 0.2507680718 0.2652265567 0.2487454706 0.2691478491 0.2780478565 0.2807849588 0.2669980297 0.2726215852 0.2751813877 0.2800017065 0.2606174017 0.2718074093 0.2711921917 0.2814711741 0.2853608105 0.2594835587 0.269425446 0.2730263379 0.278472961 0.2695929466 0.2660191448 0.2570995419 0.2793278986 0.273278327 0.266353905 0.2924774988 0.2927049899 0.2913476901 0.2891524494 0.2885167567 0.2892856112 0.2929303279 0.2922193831 0.2938260676 0.2940743607 0.2940743607 0.2940743607 0.2940743607 0.2940743607 0.2940743607
0.205097944 0.2401046504 0.2333398252 0.204643894 0.1801251466 0.1705618829 0.2019880574 0.1744492125 0.2274287816 0.2513373243 0.2375304527 0.2263442829 0.2676266041 0.2540757195 0.2511482727 0.2384396084 0.2789033335 0.282285076 0.2795401802 0.2869749897 0.2840058492 0.2756149721 0.2775533255 0.251714526 0.2553884991 0.2657249444 0.2824952767 0.2735829265 0.2828407716 0.2876751084 0.2704621633 0.2860358583 0.2721933826 0.2797676799 0.2915872657 0.2920404391 0.2711932326 0.2832934805 0.2797115929 0.2903257381 0.2899127355 0.2915745727 0.292085156 0.2922365673 0.2928974101 0.2936646596 0.2940743607 0.2932018005 0.2940743607 0.2940743607 0.2940743607 0.2940743607
0.2429627834 0.2351364264 0.2399794765 0.2006185239 0.1934337954 0.2123479042 0.1925114295 0.2370852965 0.2332464631 0.2252263861 0.2363513055 0.257196836 0.2416599943 0.2740495881 0.2546193251 0.2321120999 0.2851839086 0.2820773386 0.2858907997 0.2801602744 0.2800262596 0.2633641454 0.2883348618 0.2739620717 0.2500705198 0.2745302586 0.2834307612 0.2375589479 0.2770523417 0.2896276833 0.2912154006 0.2660844501 0.2834125027 0.2903477974 0.2929791548 0.2831772588 0.2830461301 0.2706366779 0.2820762289 0.2924606884 0.2914217923 0.2924527072 0.2923430262 0.2933135427 0.2939021726 0.2939136169 0.2937769356 0.2932078746 0.2940743607 0.2940743607 0.2940743607 0.2940743607
0.2272074438 0.2663597125 0.2591418203 0.2197791802 0.1963461202 0.221773306 0.2278246928 0.2474464777 0.2135869521 0.2414655923 0.2544920876 0.2599396893 0.2760656566 0.2787229375 0.2826876349 0.2593727763 0.2883110879 0.2742991952 0.2821908581 0.2848627588 0.2805418775 0.273555344 0.2470118825 0.260912892 0.2625970957 0.2712859597 0.2646550557 0.2679609612 0.2654080107 0.2891029977 0.2907558401 0.2901941186 0.2905588569 0.2919192199 0.2929009271 0.2911170826 0.281887659 0.2841170391 0.2859078725 0.2920429899 0.2940743607 0.2931697314 0.2931211382 0.2759957559 0.2774907217 0.2939629628 0.2939379026 0.2940743607 0.2932142204 0.2940743607 0.2940743607 0.2940743607
0.2504561184 0.2525338828 0.2433851459 0.2442765629 0.2527878486 0.23373415 0.2559926086 0.2362697604 0.2130565445 0.2588799243 0.2719241953 0.2770240796 0.2795630053 0.280850434 0.2815194172 0.2799007946 0.277657208 0.2874284494 0.2756100092 0.2585554347 0.2487845407 0.2519244235 0.2596263072 0.2635546201 0.2490409278 0.2896798167 0.2830468423 0.2460207491 0.2910936937 0.2913051819 0.2906040188 0.2906289531 0.2911569471 0.2920480236 0.2688590281 0.272899684 0.2842114485 0.2812448945 0.2920601505 0.2940743607 0.2923611012 0.281467541 0.2710518954 0.265842643 0.2940743607 0.2854165648 0.2839715619 0.2939441492 0.2932208447 0.2940743607 0.2940743607 0.2940743607
0.2566938083 0.2236188647 0.206661928 0.2505171715 0.227121921 0.2648093512 0.2567980458 0.2071078366 0.2371461812 0.2518843652 0.2751039889 0.2813704523 0.277205946 0.2808375705 0.2732870061 0.2766824322 0.28012477 0.2700480607 0.2667386151 0.2846836836 0.2552693109 0.2650469299 0.2561244204 0.2362705 0.2631859554 0.291730438 0.2840924499 0.2484492644 0.2745523611 0.2769450533 0.2627246828 0.2935735659 0.2926824724 0.2859185905 0.289037082 0.2486156755 0.2809725337 0.2891464918 0.2783331916 0.2940743607 0.2758313578 0.2814867647 0.2759198423 0.2857271406 0.2932848681 0.2841342695 0.2761632713 0.2932277536 0.2938274174 0.2940743607 0.2940743607 0.2940743607
0.2486606893 0.2240042697 0.2115692672 0.2115376616 0.2491302671 0.2402462661 0.2452358986 0.2357353903 0.2077550914 0.2384630442 0.2409520851 0.2805299522 0.2824181125 0.2836612095 0.2810786257 0.2748353514 0.2909635716 0.27925597 0.2685924228 0.2820086702 0.2932659223 0.2748411871 0.260644886 0.2430075514 0.2747335871 0.2925697789 0.2916873157 0.2930828044 0.2694632218 0.2774996176 0.2340239797 0.2781894947 0.2923137418 0.2900641353 0.2833246612 0.2692493009 0.2589615855 0.2724336844 0.2718303526 0.2609384857 0.2832276769 0.2938881506 0.2853212061 0.2843674622 0.2856935513 0.2858092996 0.2619929078 0.2932349522 0.2805519466 0.2938104495 0.2929792891 0.2940743607
0.2634598326 0.2630813588 0.2222276542 0.2310380766 0.2571970267 0.2415843812 0.2216697091 0.2286994163 0.2264898551 0.2467113261 0.2501611826 0.2714627123 0.2759794228 0.279604373 0.2819287934 0.2827219979 0.2907837926 0.2901270075 0.2890042248 0.2916280565 0.2929700562 0.2925476004 0.2930311623 0.2929464271 0.2751571447 0.2918813058 0.292972823 0.2781734055 0.2927498149 0.283835249 0.245365738 0.2844961468 0.2930416832 0.2805429328 0.2752610667 0.2832350895 0.2737868192 0.2620548532 0.2422827287 0.2716476272 0.2825303218 0.2809572783 0.2924930287 0.2923744299 0.2733060979 0.2434577995 0.2468243475 0.2670293742 0.29186941 0.278517063 0.29273833 0.2759151278
0.2224956774 0.2737747605 0.2451527685 0.2324576503 0.2092928454 0.2113101358 0.2306202699 0.2537288622 0.2478840665 0.2524681329 0.2635162179 0.2669877984 0.2832077051 0.2849311748 0.2827589291 0.2876325435 0.2886598704 0.293232478 0.290774964 0.290744239 0.2929877162 0.2907009333 0.2905812677 0.2921715038 0.254307942 0.293529226 0.2922700111 0.2916185194 0.2772869047 0.2563793863 0.2203604824 0.2584999143 0.2905031943 0.2744472244 0.2761921629 0.2850600305 0.2759806329 0.2213704996 0.2747397925 0.2805704724 0.2925171771 0.2859684255 0.2855213639 0.2810627529 0.2633357802 0.2541010721 0.2776623189 0.2535142565 0.2750441459 0.2581615063 0.2483140984 0.2764537352
0.2484795629 0.2621831938 0.2366535881 0.2466400798 0.2489474209 0.1784064324 0.2686856179 0.258442691 0.2581849541 0.2617179264 0.2733699842 0.2810040544 0.2788939429 0.2823742115 0.2919511546 0.2906626299 0.2923918209 0.2907951663 0.293011744 0.2916330723 0.2898116047 0.2914257735 0.2940743607 0.2690367694 0.2446852731 0.2664137918 0.2902856156 0.2902070401 0.2856031231 0.2802819979 0.2055443774 0.2328114721 0.2845398389 0.2751596855 0.2782783552 0.2809866915 0.2647906439 0.2574398959 0.2601814953 0.2727583557 0.2734532218 0.2898209052 0.2690407639 0.2689241861 0.2766483199 0.2524443039 0.2746560508 0.2264763475 0.2093863365 0.2051256888 0.2262897514 0.2806580953
0.2757366988 0.2465777585 0.2589629844 0.2782204741 0.2464211698 0.2788806072 0.2746295923 0.2734814223 0.2711825255 0.2747221343 0.2763871076 0.2791871975 0.282767096 0.2833942507 0.2864849222 0.2908475741 0.2927021455 0.2932079936 0.2923964705 0.293120916 0.2923609249 0.2898184785 0.2699813796 0.2680932489 0.2447275056 0.2695175902 0.2663774293 0.2906429211 0.2901954185 0.2787478868 0.2431848517 0.2580632294 0.261541667 0.268135604 0.2711341679 0.2763185445 0.2519810162 0.2269759263 0.2308040571 0.2649571188 0.2737837215 0.272262675 0.2526141612 0.2734275618 0.2836887814 0.2636369978 0.2335753976 0.2192026298 0.215564237 0.204294377 0.2752400005 0.2775352412
0.2739866309 0.2667484384 0.2773941473 0.2413893468 0.2640617453 0.2720948509 0.2733391045 0.275495172 0.2760785062 0.2816011461 0.2796447317 0.2807504073 0.2863473563 0.2880102839 0.288509322 0.2873887842 0.2916549612 0.2928582812 0.291450334 0.293285611 0.2925761316 0.2810706282 0.2709695996 0.2927033276 0.2531657922 0.2711106871 0.2672753658 0.275465925 0.275189227 0.2582784686 0.2673615225 0.2317557049 0.2588258545 0.2419212368 0.2601965191 0.2638764903 0.248273894 0.2401722373 0.2423939626 0.2550854095 0.2733603489 0.2820662326 0.2724747697 0.2740886172 0.2705386412 0.2788331309 0.2520015069 0.2349374204 0.228553488 0.261451299 0.2707267 0.272790395
0.2719600518 0.2806607371 0.2429479949 0.2504809662 0.2591930019 0.2752525243 0.2722144371 0.2590075749 0.2793735623 0.2859838255 0.2830470545 0.28353834 0.2867340898 0.2893239572 0.2896283316 0.2909115511 0.2887706653 0.2902193956 0.2879096829 0.2910552864 0.2757771481 0.2759058044 0.2551949751 0.2665949734 0.2701569153 0.2589639208 0.2839130083 0.2802580455 0.2521449501 0.2601333794 0.2081697366 0.2438064786 0.2436127853 0.2679108893 0.2433111136 0.2112899603 0.2515009837 0.249117355 0.2500244331 0.2750799765 0.2562861441 0.2739133067 0.2608558743 0.2306305095 0.2743345922 0.2794231033 0.2467474105 0.2505524756 0.2331412166 0.2584187283 0.2591599898 0.2605125024
0.2549911937 0.2698417578 0.2838518254 0.270152667 0.2496061819 0.2579694085 0.2532082648 0.2727730619 0.2756476306 0.2681376417 0.2841819199 0.2862635936 0.2885404921 0.2850479904 0.2858478354 0.2882839935 0.2906087581 0.2896716553 0.2916074715 0.2909619229 0.2926065095 0.2413312584 0.275931705 0.2556819435 0.2555963235 0.2523606421 0.27483154 0.2499394848 0.2463734458 0.2122779463 0.2329910366 0.2272563076 0.2231235518 0.2508323532 0.2242827777 0.2212523465 0.2576782315 0.2452678875 0.2339878692 0.256047136 0.2792249808 0.2670275246 0.2004975173 0.2320186416 0.2398722492 0.2190878066 0.2558664216 0.2279013702 0.2542260402 0.2375282492 0.2534822345 0.2246544117
0.2403247524 0.2722775039 0.2731813552 0.2615566473 0.2849493663 0.2826957293 0.2783685997 0.26621525 0.2669557711 0.2724382503 0.2706564707 0.2872011434 0.2890141439 0.2805113016 0.2789928974 0.2859325754 0.2898573746 0.290118346 0.2904275062 0.279649304 0.2674474097 0.2821479476 0.2425962107 0.2351476206 0.2475370388 0.2389830317 0.2608298106 0.2358043752 0.2177698255 0.1893787583 0.2229524599 0.2381146515 0.2129993061 0.1864312793 0.2473651624 0.2248337992 0.232989845 0.2437287665 0.2260279004 0.2447250461 0.2651735875 0.2421102546 0.2049976611 0.2272227174 0.1709190123 0.2022926085 0.2646587182 0.2405220609 0.1971778861 0.2422530642 0.2269149117 0.2528520877
0.2504109088 0.2321641707 0.2743045624 0.2854398822 0.2886679551 0.2833444168 0.2806190272 0.2740672287 0.2561216518 0.2518377664 0.2650408835 0.2739420279 0.2893881913 0.28712751 0.2840411376 0.2893892173 0.2901232425 0.2897624876 0.2651742212 0.2750750862 0.2899356596 0.2893750126 0.2732389317 0.2085171931 0.1710491008 0.2569093031 0.2601959389 0.2510288616 0.1967564998 0.1639693362 0.1547850574 0.1834233732 0.1349534847 0.1930498833 0.2297346305 0.2410381274 0.182459718 0.2119145114 0.2159636652 0.2425547145 0.251331884 0.2018474742 0.2356956414 0.1904340852 0.1792790342 0.2037256483 0.2233006936 0.2085763506 0.220063463 0.2114659918 0.2541482148 0.2493761558
0.2704845763 0.2697593844 0.2723769328 0.2760510722 0.2830206907 0.2842778271 0.2831009766 0.2852833615 0.2444004314 0.2359170861 0.2678282274 0.2881540739 0.2915932018 0.2910285113 0.2876942453 0.282490734 0.2803439033 0.2729007668 0.2747795117 0.2737127662 0.2865188546 0.2573260158 0.2154711521 0.1966056128 0.246342587 0.2504333192 0.2542273261 0.2433077995 0.2280212042 0.1651683588 0.1879401362 0.1743979485 0.157821245 0.1621588003 0.205374554 0.1646492723 0.1960973059 0.17855661 0.2141808608 0.2187609956 0.1842666461 0.2006671368 0.2051406209 0.1330653264 0.2029023664 0.1792448759 0.2003474089 0.2232316142 0.1847109955 0.2350526796 0.219067051 0.181502055
0.270829291 0.2870447058 0.2735747121 0.2747199482 0.2863679488 0.2894701377 0.2866326537 0.289670466 0.2800582596 0.2744638846 0.2750521788 0.2752647275 0.2779838196 0.291575312 0.286122355 0.2811802794 0.2769260645 0.285526913 0.2898053638 0.2888580833 0.255007406 0.2615464466 0.2435217324 0.2209774784 0.2409436623 0.2588406025 0.2656014552 0.2512505333 0.2078156228 0.2040797445 0.1611614761 0.1927725617 0.1507975814 0.1987417119 0.201071838 0.150216736 0.1451393541 0.1309416757 0.1082151538 0.1599834055 0.1683012171 0.1971642237 0.2109057378 0.1724959145 0.1597692498 0.2070288013 0.1873147907 0.1498302759 0.2374544903 0.2059139171 0.2265306732 0.1739246512
0.2795272847 0.2673952014 0.2906690322 0.2882879098 0.2867994314 0.2873647974 0.2920858941 0.2917000956 0.2891263863 0.2818783337 0.2799405236 0.269269334 0.2769835522 0.2769014537 0.2809184699 0.2798563538 0.2904600687 0.2724826235 0.2878312049 0.2805545401 0.2805399239 0.2513437593 0.2560279728 0.222222129 0.2109770635 0.2187101568 0.219061203 0.1989330428 0.1995618544 0.1880437723 0.1449359939 0.137183991 0.176293005 0.2009543831 0.2017661122 0.221431501 0.1712310645 0.1353126566 0.1499591007 0.1502552261 0.1755660043 0.1818447513 0.1900868064 0.1888781533 0.1407351466 0.1963742926 0.2049882882 0.1964097732 0.2191152952 0.1808085771 0.1476373633 0.2107728824
