experiments/50000.asc
NCOLS 101
NROWS 101
XLLCORNER 0
YLLCORNER 0
CELLSIZE 0.990099
NODATA_VALUE NaN
[rows 46 to 68 of 101, columns 0 to 51 of 101]
0.2011476731 0.1651740225 0.1846145838 0.2579976758 0.2232694957 0.2285908159 0.2311100869 0.2434152715 0.2320962737 0.2367913005 0.2807072195 0.2583420773 0.287757685 0.2784834529 0.2826835509 0.2827050904 0.2888800093 0.2875520152 0.2891120657 0.2865797825 0.2850662097 0.2805944489 0.2768734005 0.2737815311 0.2558712159 0.2496547799 0.2756837969 0.2623923573 0.2505031658 0.2535189309 0.2582443843 0.2770447171 0.2576412454 0.2765471291 0.2736495133 0.2691593407 0.2694178322 0.2809636991 0.2725102899 0.2698616803 0.2772808355 0.2633971098 0.2587853643 0.2772351036 0.2799021759 0.2816322726 0.279842296 0.2817755369 0.2879334036 0.2868334954 0.2931038753 0.2901175395
0.1693755098 0.2004410191 0.1694353963 0.2260647357 0.233697989 0.2415249452 0.1874862869 0.2214337391 0.2773825781 0.2636539157 0.2342535643 0.2563979738 0.2660445696 0.2654344532 0.266621647 0.2741349919 0.2807656767 0.2881177791 0.2839622509 0.282487044 0.2775289193 0.282617355 0.2778489074 0.2717793316 0.2664083103 0.2707662013 0.2715947274 0.2581997885 0.2454547983 0.2563170475 0.2772281312 0.2700558291 0.2755472825 0.2745346297 0.2795639938 0.2711636791 0.2716650197 0.2468120104 0.2740614395 0.2553450314 0.2650659878 0.2379324541 0.2544730684 0.261716127 0.2652519263 0.2733364733 0.2705566818 0.2869740061 0.2796435889 0.2879933319 0.2883011314 0.2889516319
0.1897672174 0.1894532144 0.2109362557 0.198870278 0.2229394141 0.2330452514 0.2370739942 0.2071336253 0.2414972452 0.2577827029 0.2642228171 0.2520407124 0.2560358095 0.282699723 0.2652163012 0.2654031434 0.2821205604 0.2831582387 0.2845053997 0.2746136394 0.2741797282 0.2741450751 0.2671500008 0.2680087746 0.2710533602 0.2764414546 0.2733070353 0.2683697514 0.2540544093 0.2577033059 0.2576161375 0.2694914822 0.2715293121 0.2765315847 0.2689508406 0.2694575542 0.271475739 0.2581038183 0.2488747865 0.2326412941 0.2561594483 0.2585126239 0.2650117911 0.2370579493 0.2426820014 0.2679674893 0.2763540556 0.2746288133 0.2861143762 0.290341422 0.2882355837 0.2919659141
0.1925263263 0.1767884183 0.167987225 0.1744312611 0.168148108 0.2263437759 0.2045371124 0.200372121 0.2219965805 0.2382635894 0.2537864715 0.2666769057 0.2701131409 0.2712219874 0.2577031938 0.2699577873 0.2769210498 0.2748376444 0.2819532557 0.2787013762 0.2774224949 0.2739784349 0.272175114 0.2822529186 0.2754361405 0.2834738245 0.2808890359 0.2746367311 0.2802405217 0.2771202926 0.2694018033 0.2750084334 0.2678090156 0.2604980842 0.2565993131 0.2665216944 0.2597844839 0.2484181136 0.2401184439 0.2335899393 0.2501275816 0.2502531683 0.257269131 0.195947057 0.2364446761 0.2402678469 0.2739458782 0.28017318 0.2845509374 0.2873312292 0.2888571475 0.289763674
0.1818655886 0.1887952938 0.1225075435 0.1434616085 0.19984115 0.245575059 0.2176245221 0.1839933068 0.2223805665 0.2197023467 0.2715653383 0.2501967585 0.2598626885 0.270712364 0.2785961888 0.2552584548 0.2832564668 0.2821209027 0.2781308439 0.2765749662 0.2728498091 0.2718380729 0.2783905902 0.2813091436 0.2823781521 0.2785169255 0.2822328225 0.275015999 0.2735364211 0.2796259405 0.2815066657 0.2795660692 0.2805416168 0.278077784 0.2544217312 0.2574839357 0.2598707584 0.2355383856 0.2049358366 0.2473060486 0.233939615 0.2527590329 0.2361944508 0.2338530003 0.2079404671 0.2720368149 0.2626256041 0.2814549661 0.290604999 0.288123552 0.2856384643 0.2899569827
0.1841157789 0.1563491332 0.1491438885 0.1832395764 0.2133560467 0.2525191289 0.2288590069 0.2302121742 0.2385585779 0.2484578351 0.2636082407 0.2607309358 0.2681832897 0.2808249427 0.2562283824 0.2553644431 0.2834714048 0.2825602584 0.2790715583 0.2753273356 0.2763032853 0.2747070226 0.2775205251 0.2769118109 0.2744555267 0.2853369214 0.285648607 0.2871236499 0.2852450854 0.2806181199 0.2859784593 0.279832478 0.2797465116 0.281480889 0.2666614857 0.2569668153 0.2103267532 0.2191061114 0.2421257264 0.2592341795 0.2538149603 0.2624504378 0.225960373 0.2288143058 0.2665568914 0.2730346439 0.2585516283 0.2504079534 0.2842309572 0.2857947508 0.2861291876 0.2903616012
0.1398960806 0.1826623961 0.1672375909 0.2030950265 0.2346471556 0.2377048083 0.2506660318 0.2307326091 0.2585229559 0.2477051305 0.2721890011 0.2751377412 0.27953125 0.247665222 0.2522243338 0.2665237532 0.2809146297 0.2718322387 0.2682725083 0.2777832882 0.2752406392 0.279690586 0.2747946646 0.2741679266 0.2809182808 0.2846002046 0.2853891559 0.2844341076 0.2854290961 0.2870714332 0.280540973 0.2800232133 0.2776693489 0.2795209202 0.2782565419 0.2268415953 0.2281126933 0.1900867498 0.1772285292 0.2411432691 0.2367168179 0.2589532156 0.2454716513 0.2295551703 0.2066941011 0.2383211095 0.2595844262 0.2479079248 0.2873740879 0.2857647515 0.2849118721 0.2868135426
0.1243119202 0.1431871215 0.1351164397 0.1921731571 0.2252588244 0.2019009633 0.1827090193 0.2333120079 0.271295554 0.2684911283 0.2701351457 0.2787353554 0.2648749541 0.2703141657 0.2657508471 0.2678534135 0.2795023971 0.2749109642 0.2683825819 0.2674518875 0.2677440206 0.2768096232 0.2769670202 0.2812878504 0.2791869506 0.2817630716 0.2858099855 0.2846392616 0.2870413165 0.2840891275 0.2860973255 0.2805460245 0.2725440133 0.2746796818 0.2545833914 0.2557527657 0.2019258937 0.2027141566 0.1930616124 0.2104580826 0.2517702342 0.23512312 0.2404881252 0.21365018 0.2138830919 0.2603338619 0.2699060935 0.2862464123 0.2877329642 0.2881567896 0.2830851827 0.2849574067
0.0858689072 0.0858933845 0.1022731547 0.1569950421 0.1569823031 0.1379341439 0.1851686627 0.2003167134 0.2466166481 0.2375711694 0.2503657171 0.2573755604 0.2508140431 0.2763083475 0.2822799419 0.2748855086 0.2766531264 0.2747200339 0.2687820819 0.2616568228 0.2662156035 0.2690427996 0.2707079863 0.2757213287 0.2863899328 0.2807471403 0.2821787138 0.2814719684 0.280718201 0.2791894863 0.2842280397 0.2815384448 0.2798843082 0.2678895512 0.2783359757 0.2490179376 0.2175557114 0.2431657579 0.2193454246 0.2412123194 0.262410754 0.2643236785 0.2540265983 0.2308174808 0.2199763223 0.2743921851 0.2646231461 0.2809417042 0.2823001596 0.2862982527 0.2847327703 0.2907701315
0.1081316048 0.1197361272 0.1009426897 0.1360111465 0.1634389782 0.1149597917 0.1259946967 0.1957037724 0.2437435724 0.246773343 0.2423248062 0.2597482472 0.2661538661 0.2650240874 0.2749910805 0.2769032931 0.2701524202 0.2659313133 0.2543928633 0.2449998531 0.2490466098 0.2674595422 0.2708904576 0.273370113 0.276616137 0.2869725953 0.2821913044 0.2844245209 0.2806866134 0.2805268195 0.274059017 0.2757756577 0.2686302417 0.2638223257 0.2600942005 0.2692512363 0.2364290174 0.2334444593 0.2540435949 0.2385566642 0.2651794795 0.2626300233 0.2776223031 0.2661003216 0.2698771874 0.235824157 0.2508689975 0.2813475049 0.2855516857 0.2868992493 0.2894761069 0.2927147845
0.1423047692 0.1253094062 0.1129570562 0.1114071096 0.1519347348 0.1485765259 0.1447845402 0.1909502911 0.2276573309 0.2633993919 0.2622714426 0.2585221153 0.2675679441 0.2713427603 0.2712244586 0.2668443405 0.2688034811 0.2658850209 0.2589215228 0.2508249339 0.2664955905 0.2605989904 0.2640815098 0.2703269858 0.2796325249 0.2801593188 0.2841356278 0.2798502809 0.279084742 0.2829218147 0.2858006841 0.2767086505 0.281204935 0.2553634723 0.2502010167 0.2200386985 0.2394211586 0.238519261 0.2515698673 0.2542953201 0.2546226184 0.2727710478 0.2800302666 0.2787473027 0.2786126015 0.2674239997 0.2805151722 0.2531573609 0.2575167966 0.2879665852 0.2906015993 0.2922689162
0.1097009059 0.1053193017 0.0974708032 0.0859213747 0.1080323355 0.145770061 0.2031006479 0.1405812813 0.2183393586 0.2554151794 0.2593879247 0.2547985851 0.262576052 0.2616080882 0.2558903087 0.256598964 0.25834249 0.2635761527 0.2730774929 0.2658424216 0.2717352588 0.2724135719 0.2731682119 0.2775641606 0.2793562689 0.2809675364 0.2805268958 0.2788116771 0.2833045882 0.2875100223 0.2717389107 0.2865966835 0.2758425862 0.269021462 0.2427916861 0.2296770294 0.1939476631 0.2590213026 0.2773192672 0.2421627685 0.2765269643 0.2816921762 0.2798126898 0.2801546549 0.2848459128 0.2845250658 0.2868362292 0.2808346722 0.2601263235 0.2886203669 0.2940743607 0.2931042459
0.1020752905 0.1054137682 0.1267236595 0.1183820937 0.1043841272 0.1582487557 0.186381393 0.185596348 0.2015214942 0.2684684943 0.2609195884 0.2514297924 0.2507744074 0.2526791686 0.2435642389 0.255750785 0.2247351212 0.2506361942 0.2724336627 0.2664404397 0.2730378104 0.2683988975 0.262992842 0.2792575207 0.2803058662 0.2821827281 0.2816393326 0.2838464649 0.2815296745 0.2868234217 0.2726752255 0.2728509497 0.2849105787 0.2348550277 0.2538726603 0.2454316539 0.2262199836 0.2514153387 0.2696596147 0.2684135992 0.2704358182 0.276808798 0.2849212709 0.2785654846 0.2884406214 0.2890448626 0.2845259251 0.287680624 0.2855515762 0.2749651255 0.2922031877 0.2928697247
0.0987206364 0.1519552524 0.1460231765 0.1245241726 0.1546470104 0.147821881 0.1856159647 0.1983962864 0.2258016876 0.2217068925 0.2416385751 0.2411250385 0.2283037203 0.2288499374 0.2571580654 0.2069617212 0.2442886858 0.2417047547 0.2726077674 0.2775136913 0.2683728978 0.251961598 0.259769987 0.2663501251 0.2760266605 0.2730278893 0.2793157253 0.2814546374 0.2799338628 0.2663728759 0.2366628004 0.2833759069 0.2253996763 0.2635416288 0.2669148202 0.2454704119 0.2680729135 0.2660197766 0.2550004332 0.256342912 0.275983314 0.2727770905 0.2794759688 0.284879513 0.2877489741 0.2905915911 0.2872682392 0.2904847475 0.2922717565 0.2887786209 0.2927926341 0.293051959
0.1508730085 0.1341998057 0.1563940331 0.1674427969 0.1419879455 0.1804942064 0.1657438129 0.1728994729 0.1960175456 0.1818462895 0.196183055 0.2304223606 0.225943105 0.2103784576 0.1977904866 0.2555302623 0.2366981881 0.2649591367 0.2400827173 0.2587744738 0.2773090582 0.2644603456 0.2486900111 0.2607199672 0.2610499325 0.2575701408 0.2754217217 0.2764373312 0.2808294729 0.2581265291 0.2575740372 0.222529219 0.2541862961 0.2765960965 0.2550927288 0.2676189106 0.2573843862 0.2713534544 0.2610429822 0.2777932933 0.2730597214 0.2836961627 0.2808631441 0.2825796331 0.2852816498 0.290446973 0.2911594392 0.291593628 0.2913583779 0.2880600813 0.2911107545 0.2931922228
0.1693440577 0.1928739878 0.1716597818 0.1739699712 0.1643933588 0.2096389789 0.1392918397 0.1747102646 0.1757166935 0.1895500618 0.2168336575 0.2027968084 0.2040125509 0.1965695499 0.2069801141 0.2280165845 0.2685835841 0.2736182777 0.2768078542 0.2501101621 0.2756831965 0.2581230804 0.2424362431 0.2493587109 0.2563401374 0.259924912 0.2605155895 0.2832280264 0.2771055119 0.2703550833 0.2650126676 0.2314421708 0.2522845193 0.2801057956 0.2804021617 0.256077789 0.2707448949 0.2735247779 0.2660007833 0.2768716886 0.2799231379 0.2799839217 0.2840472894 0.2826709402 0.2859315591 0.2885593351 0.2916518609 0.2922962359 0.2903514306 0.2920430971 0.2908876986 0.2929856315
0.1900426111 0.1845281635 0.1555536743 0.2132961427 0.1759061942 0.1746454442 0.1904547539 0.181870458 0.1931986326 0.1996193133 0.2073385885 0.1825161899 0.1779736056 0.153030598 0.191706197 0.2205456654 0.2548487552 0.251197544 0.2518689193 0.2753987271 0.267025445 0.2665892533 0.2424411343 0.2699276783 0.2592500168 0.2435711363 0.2711651308 0.2657006505 0.2613136542 0.2563098778 0.2026048316 0.2005701618 0.2618990724 0.2802952684 0.2842164251 0.2862109754 0.2599466388 0.2750758857 0.2699889446 0.2811977879 0.2851883197 0.2840432247 0.2826762781 0.2854645644 0.2868377706 0.2906214253 0.2915105964 0.2933246957 0.2931273641 0.2921692024 0.2929848877 0.2908085749
0.1660093231 0.1863831995 0.1846048099 0.195673397 0.2162523508 0.2051661387 0.1901264187 0.1629504114 0.1867152036 0.1841732116 0.1538479694 0.1343249059 0.1121583677 0.1663299439 0.21278051 0.2246733953 0.2160678474 0.2569953489 0.2552519892 0.2789002725 0.2761591822 0.2632912213 0.2623606185 0.2644806035 0.2432250755 0.2376322328 0.2085767987 0.2597615254 0.2593923668 0.2763900342 0.2168533875 0.2351936085 0.2721889555 0.2829865669 0.2810760545 0.2874177874 0.2877004905 0.2858645971 0.2810178611 0.2829959181 0.2862933644 0.2900011193 0.2891922786 0.2901939675 0.2876143246 0.2909016248 0.293082534 0.2940743607 0.2940743607 0.2940743607 0.2940743607 0.291826458
0.1621994417 0.2076004579 0.1817799978 0.1769036499 0.2147171244 0.1777125371 0.1675212866 0.1807704708 0.1661753197 0.1848267041 0.1253434761 0.1347320032 0.1645405568 0.1712494274 0.2319727877 0.1971170098 0.1650137153 0.2233919394 0.2357779437 0.2248020884 0.2286078731 0.2676301702 0.2221457906 0.2144222167 0.2517973775 0.2321795735 0.2414179149 0.2353208215 0.264644729 0.2535691015 0.2588161423 0.2615584592 0.2510795292 0.2868492424 0.2819399168 0.2849151634 0.2822276118 0.2847966611 0.2824091682 0.2837499227 0.2883954318 0.2857781314 0.2913526639 0.2919155326 0.2884697815 0.2891024827 0.2936450843 0.293371858 0.2935889857 0.2938184391 0.2935718488 0.2938277045
0.1527337893 0.1596670991 0.2123276053 0.1553890265 0.1489927961 0.141755899 0.1766945834 0.2347122097 0.2134100863 0.1792575352 0.1521129401 0.1561397642 0.1471469892 0.2288400217 0.2293722625 0.1996374131 0.22565992 0.184707933 0.173516617 0.2244012568 0.2429300348 0.2267008843 0.2233089177 0.2299568669 0.2381958441 0.2536757812 0.2466474165 0.2251652667 0.2403239236 0.2702193579 0.2572671995 0.2671822873 0.2624432162 0.2650635453 0.2836332587 0.2812118883 0.284254196 0.2835352404 0.2849851888 0.2836129802 0.284813864 0.2879281417 0.2891535144 0.2916411128 0.2923119136 0.2926569405 0.2930715331 0.293547695 0.2936308149 0.2931103094 0.293381078 0.293817569
0.186557524 0.1655488561 0.127577017 0.1503455873 0.0955195754 0.1303863027 0.1766128302 0.174546717 0.2242225459 0.2538078225 0.2177505508 0.1984614873 0.2360880669 0.2291354827 0.216331031 0.2486800623 0.2560349762 0.2055617099 0.1743263237 0.1585219667 0.2567768165 0.2483733252 0.2573808165 0.2211163838 0.2268207254 0.2521238102 0.2581520736 0.2431425834 0.2414287023 0.2440465112 0.2760371797 0.2638495411 0.2668373199 0.2885586063 0.2801808569 0.2852314126 0.2852267185 0.2861283277 0.2863307203 0.2845044216 0.2903164385 0.2900469246 0.2905710664 0.291436235 0.2937013176 0.2918206286 0.2935643174 0.2935593737 0.2931261074 0.2926283522 0.2929082446 0.2938421368
0.1776291441 0.2085417821 0.1592121755 0.1135582268 0.0859213747 0.1504603678 0.1499226088 0.1946093748 0.2385748484 0.2495999477 0.2187052515 0.2191163562 0.22760889 0.2386491669 0.2252977937 0.2528656161 0.2393191506 0.2515513307 0.219143927 0.2040332669 0.226340322 0.1975572675 0.2500119323 0.2553899752 0.2419899497 0.2524995752 0.2620783191 0.2543861548 0.2481441006 0.2706732853 0.2523768887 0.2673454949 0.281505038 0.2837772628 0.2800364046 0.2858998494 0.2885684024 0.2894683846 0.2852256058 0.28604857 0.2923036965 0.2925845263 0.2904364511 0.2899167741 0.2925775308 0.2903063084 0.2923132723 0.2929303508 0.2931450145 0.2931406381 0.2935825203 0.2926516365
0.2093449999 0.1869669014 0.1406702303 0.0992497526 0.1030430534 0.1283058271 0.1684665701 0.2034230885 0.193513982 0.2404002119 0.2339813628 0.2449517788 0.2375052309 0.2234022467 0.2195025626 0.2215081099 0.2290708926 0.2247988736 0.2233752001 0.2226313659 0.2032796946 0.2401978329 0.2118160073 0.2280990816 0.2564259639 0.2485484328 0.2657373245 0.2581733164 0.2575394807 0.2684630676 0.2632986808 0.2645215682 0.28695459 0.2829969939 0.280670395 0.2878058646 0.2890449801 0.2880636505 0.2869147661 0.2889035706 0.2913267524 0.2913374971 0.2931025826 0.2916653179 0.2910755181 0.2931104151 0.2907536123 0.2933542561 0.2938305371 0.2938295175 0.2938148764 0.2938163492
