experiments/50000.asc
NCOLS 101
NROWS 101
XLLCORNER 0
YLLCORNER 0
CELLSIZE 0.990099
NODATA_VALUE NaN
[rows 23 to 45 of 101, columns 0 to 51 of 101]
0.2787133705 0.2665158652 0.257900357 0.250729584 0.2653736726 0.2414028682 0.2366742358 0.2392008485 0.225844007 0.2468796191 0.1983689559 0.237972792 0.210405347 0.204513807 0.203019212 0.1627569763 0.1929974153 0.209828509 0.1413524856 0.1869742571 0.1556195173 0.140710484 0.119166954 0.1258414747 0.1449256819 0.139445193 0.2100103636 0.2223739061 0.2104150587 0.228774026 0.2253845209 0.241617136 0.2149616368 0.2275368761 0.2378164007 0.2585989694 0.264024587 0.2719689305 0.2816354666 0.2738535988 0.276081348 0.2841772474 0.2899406742 0.2891614051 0.2872895745 0.2863689601 0.2914889837 0.2920741739 0.2927178173 0.2930267041 0.2938304126 0.2940743607
0.2835021289 0.288443649 0.2664869969 0.2852132648 0.2797311689 0.2458606787 0.2203231469 0.2508866344 0.2451103749 0.2241621672 0.1966424419 0.1770472978 0.2002017181 0.2217130709 0.1852971267 0.2096333857 0.1980400701 0.1676578789 0.1164338661 0.1248723252 0.1949780373 0.2126080465 0.1533926166 0.1488479936 0.1523419514 0.1723470491 0.1635965635 0.212413729 0.2340856517 0.2180074351 0.217193269 0.2416469687 0.2315018831 0.2309128247 0.2280388954 0.2428848423 0.2676512057 0.2763189854 0.2651046189 0.2540098741 0.2763585038 0.2796846611 0.2859135361 0.2900685897 0.2879900435 0.2882906834 0.2894788158 0.2884182741 0.2921002241 0.2927573036 0.2940743607 0.2937944384
0.2872610213 0.2682288873 0.2839912679 0.2821904198 0.2652656729 0.2342526742 0.2491222522 0.2471784056 0.2568232017 0.2235969792 0.2321977942 0.2625997549 0.2557132484 0.1633120625 0.2144574557 0.2229104262 0.2033813541 0.1491056609 0.1607335638 0.129015018 0.1678660515 0.1878000614 0.1623862574 0.1494262131 0.1807574895 0.1712381551 0.1889980786 0.2121049299 0.1948033786 0.1944707128 0.2374506258 0.2347437905 0.2654017333 0.2497414521 0.2390568959 0.2580527195 0.2554639336 0.2780146653 0.2622341379 0.2822847665 0.2711470554 0.262752232 0.2865442137 0.2902850362 0.2897635093 0.2894045983 0.2881082479 0.2889584723 0.2897408901 0.2923911497 0.2923196861 0.2926351357
0.286000967 0.2883275477 0.2807144868 0.2780912171 0.2757222623 0.2745882296 0.255072843 0.246373076 0.2864361911 0.2517964952 0.2553030025 0.263951089 0.2611492026 0.2207988436 0.2075743297 0.196042559 0.1502022199 0.1880706676 0.1802289042 0.1461283305 0.2006898688 0.196427758 0.2029511099 0.2075145623 0.185896487 0.1883475024 0.2166214165 0.1351910682 0.1764381675 0.2072076346 0.2230832291 0.2531511464 0.2534385656 0.2678661328 0.2617772725 0.2564412594 0.2698725393 0.2572567738 0.272879679 0.2877727933 0.2574048292 0.2753921999 0.2827914766 0.2894052515 0.2873149189 0.2892827003 0.2898313721 0.2910548033 0.2930164576 0.2928001719 0.2931982146 0.2931839094
0.2873979677 0.2872918668 0.2742752399 0.2669038742 0.2762034452 0.2877531045 0.2877439065 0.2576562207 0.2724052557 0.2690578166 0.2650102881 0.2649971111 0.2498896394 0.2190314459 0.2349153115 0.1965847847 0.1572571715 0.1978652521 0.2108536763 0.1997578134 0.1936848144 0.2334908541 0.2276034878 0.2122454787 0.1995414837 0.2425735012 0.2172096063 0.1750439813 0.1871480031 0.2424091337 0.2418853561 0.2557854545 0.2647130796 0.2699385834 0.2631658122 0.2687777231 0.2713411813 0.2710977125 0.2661866025 0.2704631277 0.2626079978 0.2723064936 0.2900456462 0.2905859068 0.2895103971 0.2883600046 0.2917327957 0.292155375 0.2923687373 0.2938459959 0.2938519692 0.2938515499
0.2899218236 0.2914646449 0.2890726802 0.2756647729 0.2877824883 0.2856437583 0.2889474434 0.2714498734 0.2430986957 0.2496317235 0.2507675288 0.2524229052 0.2290647338 0.2468540304 0.2161884418 0.2168628776 0.2041400006 0.2047144918 0.214385659 0.206365436 0.2428282231 0.223286417 0.2102819665 0.2252656047 0.2366192305 0.2180794296 0.2509982929 0.2376683081 0.2536386259 0.2677938938 0.2571146307 0.2609501512 0.2623081051 0.2687030949 0.2701937194 0.2735644286 0.2811363635 0.2784835259 0.2712006717 0.2800226918 0.279807187 0.2853466047 0.2862623412 0.2913777991 0.2878403697 0.2898573124 0.2910682485 0.2919555555 0.2928876916 0.2928779648 0.2938511424 0.2940743607
0.2893582375 0.2908310347 0.2916349821 0.2880753881 0.2703376554 0.2859261782 0.2862220927 0.2576944524 0.2189071522 0.2670000984 0.2477724085 0.2265348831 0.2291885656 0.2622511412 0.2307856389 0.2283895453 0.2249405779 0.2241964966 0.2346121646 0.2107163374 0.2074093657 0.2479106582 0.2174978552 0.2216123055 0.2492106312 0.2542681271 0.2259360728 0.2169014507 0.243682641 0.2747506069 0.2599745283 0.2665255525 0.2731864623 0.274011091 0.27246437 0.2793581025 0.2843663445 0.2827564848 0.2817980851 0.2803373136 0.2807047063 0.2875893158 0.2890432108 0.2919317237 0.2910367196 0.2903540706 0.2902552929 0.293227654 0.2931601413 0.2940743607 0.2940743607 0.2936265265
0.2778780162 0.2912837111 0.2789594393 0.2647824742 0.2816939179 0.2524630026 0.2796191902 0.2747522345 0.280195753 0.2452459051 0.2273071231 0.215855019 0.2259290492 0.226491936 0.2254430559 0.2254095728 0.2394731321 0.24750348 0.2036221493 0.2278835733 0.2685238743 0.2037181055 0.2431500713 0.2460124017 0.250429179 0.2458297191 0.2417692356 0.2596470048 0.2374443331 0.2597757631 0.271074324 0.2670854821 0.2686661684 0.2734644572 0.2772097733 0.2766259958 0.2813699929 0.2893014239 0.2862945652 0.2807328281 0.2802653727 0.2874849263 0.2913475596 0.2911578802 0.2928562939 0.2940743607 0.2919693406 0.2940743607 0.2940743607 0.2938492658 0.293849621 0.293850361
0.2796128652 0.2896780971 0.2693981446 0.2802075826 0.2382789728 0.2834211955 0.2831293898 0.2773264944 0.2725381745 0.2666067058 0.280998724 0.2695780889 0.2444701333 0.2574905617 0.2055971969 0.2340605141 0.2442657773 0.2244975704 0.2715426205 0.2235367508 0.2349149202 0.2250789464 0.2517949312 0.265988271 0.2479571428 0.2243336892 0.2686922243 0.2624074854 0.2540411544 0.2594713121 0.2636153921 0.2560946591 0.2650552957 0.2678252498 0.2810831398 0.2774885839 0.2847289392 0.2866583216 0.2882889487 0.2868930664 0.2855674723 0.286133044 0.2897450555 0.2919159576 0.2928129696 0.2919999181 0.2923004155 0.2927501584 0.2938489201 0.2940743607 0.2940743607 0.2940743607
0.2912240374 0.2807326135 0.2935068609 0.2836198377 0.2801454834 0.2792266731 0.2617307369 0.267958278 0.2792890151 0.2885913507 0.2863164252 0.2681225534 0.2601341976 0.2305923947 0.2321687134 0.2251587035 0.2325690825 0.2304367633 0.219478602 0.2710252754 0.2573836467 0.2657755894 0.2710663258 0.2767064499 0.22690161 0.2084705051 0.2384192595 0.2555629911 0.2666456011 0.2635122181 0.2571955323 0.2267228467 0.261479431 0.2708700109 0.278066359 0.2797864983 0.2775120609 0.2842145931 0.285337444 0.2857225011 0.2862389785 0.2886578906 0.2899098066 0.2926483902 0.2901597485 0.2916188612 0.2932605114 0.2921490556 0.2935418884 0.2938485839 0.2940743607 0.2940743607
0.2806363807 0.2904836313 0.2720886676 0.2836908498 0.2812101071 0.2710415261 0.2821410316 0.266636703 0.283777716 0.2895181895 0.2879070137 0.2601934081 0.2707340218 0.2506443884 0.2469514263 0.2535349226 0.2186317983 0.2403955938 0.2523177727 0.2717359173 0.2647461092 0.247645132 0.2751235165 0.2508273293 0.2343924172 0.2118881902 0.2361927517 0.2593020625 0.2654250817 0.2578160484 0.2214733065 0.2422609062 0.2553196845 0.24197439 0.249550693 0.2788108137 0.272276567 0.2840014953 0.2856308852 0.2874181644 0.2888426438 0.2879416528 0.2880239557 0.2890376619 0.2898527364 0.2887453881 0.2920461833 0.2898354589 0.2929345663 0.2906658088 0.2940743607 0.2940743607
0.2801793556 0.2797192034 0.2772773431 0.2804943546 0.2522424949 0.2675787557 0.2780026259 0.2755442754 0.2751431673 0.2901593121 0.2725863168 0.2644687527 0.2587631717 0.2622063787 0.2549385635 0.2744610664 0.248775582 0.2516416014 0.2495436911 0.258274388 0.2769350844 0.2674216098 0.2561585639 0.238752894 0.2493095244 0.2316825862 0.2456849443 0.2425776869 0.2608251811 0.2473700161 0.2439109851 0.2407785787 0.2611946879 0.2465296319 0.2288704493 0.2491107589 0.2611873023 0.2827513989 0.2887362638 0.2883933919 0.2870693667 0.2876218607 0.2906924606 0.285258855 0.2903322546 0.2880289212 0.2886149801 0.2927178099 0.2903531463 0.2927032427 0.2923231543 0.2940743607
0.2803973229 0.2691106602 0.2746625408 0.2523407968 0.2779187183 0.2530489183 0.2929477653 0.2929093237 0.2813428929 0.2706906793 0.2681876145 0.2499169548 0.2784963074 0.2641794082 0.2798666409 0.2671103977 0.2585313757 0.2420511766 0.2597273873 0.285901188 0.2744813301 0.2765285532 0.2725516542 0.2810767525 0.2498305654 0.2376646468 0.2448148826 0.2620788502 0.2699058337 0.2684906988 0.2526642717 0.2671166643 0.2653981644 0.1795295564 0.1928016475 0.2672649436 0.2797538417 0.2731749263 0.2872616794 0.2847700581 0.2886483013 0.291603635 0.2914637459 0.2907180684 0.2874451029 0.2920684404 0.2907922904 0.2934627202 0.2940743607 0.2932415558 0.2926727618 0.2938415201
0.2669274179 0.2792793114 0.2620051202 0.28786345 0.2768286858 0.2930682097 0.2779838008 0.2938944448 0.2927587616 0.2796077009 0.2741945471 0.2729090613 0.2719943954 0.2629491075 0.2721493596 0.2731133015 0.2713076243 0.2488563841 0.2798330011 0.2829176091 0.2816517455 0.2771977794 0.2790439181 0.2738818049 0.2592971042 0.2580506572 0.2447114306 0.254606752 0.2626089358 0.2659360195 0.2766092662 0.2579863298 0.1683091776 0.1995809326 0.2513721334 0.2735479265 0.2820243028 0.2736204516 0.2525059679 0.2771703838 0.2916308285 0.2922272095 0.2930785323 0.2925550295 0.2907766412 0.2917412336 0.2934345036 0.2940743607 0.2938493857 0.2940743607 0.2940743607 0.2938406425
0.2673236339 0.2492729556 0.2726169809 0.2836941091 0.2913059444 0.2901511055 0.293227374 0.2487949809 0.2781482703 0.2916890631 0.2901501956 0.283608305 0.2701952039 0.2832343751 0.2390400183 0.249399857 0.2716976045 0.2693429554 0.2775978905 0.2809100177 0.279106852 0.2794614168 0.2803861163 0.2694719018 0.2665772032 0.2621936739 0.2542509828 0.2492141463 0.2542216357 0.2547512522 0.2619155902 0.1961446708 0.22021299 0.1774411511 0.201094653 0.2644692701 0.2535213346 0.2622761362 0.2413059715 0.2441293262 0.2907493689 0.2929553974 0.2934513461 0.2939106032 0.2940743607 0.2930220566 0.2921704361 0.2940743607 0.2931861935 0.2938497107 0.2940743607 0.2938436767
0.239887447 0.2591624794 0.2636413694 0.2882495664 0.2909113102 0.2920118656 0.2623915344 0.2918936466 0.2920217392 0.2927983887 0.290293012 0.2800144128 0.2725289419 0.2644169694 0.2620946228 0.2687248804 0.2599803295 0.2784774101 0.2823437805 0.2852859128 0.2762548934 0.278043283 0.2732618774 0.2704844066 0.2720454084 0.2678017414 0.2583813316 0.2582244839 0.257676461 0.2674085889 0.2492757798 0.2774654028 0.2231391813 0.2150155231 0.2043267237 0.2268476919 0.2369964864 0.2662534171 0.2803049617 0.2862357106 0.2792038856 0.2924976921 0.2936296313 0.2938124967 0.2940743607 0.293428409 0.2940743607 0.2925409591 0.2936246066 0.2938507427 0.2940743607 0.2936299929
0.263258957 0.2207326905 0.2509093605 0.2719306471 0.2756524319 0.2820883549 0.2763570857 0.2771590786 0.2908020658 0.2900231186 0.2906323935 0.2837683621 0.2824387395 0.2663284931 0.2680053227 0.2603461055 0.2743617705 0.2817310488 0.281857011 0.2802998555 0.2797870181 0.2761434996 0.2736368108 0.2690304283 0.2602320397 0.2701369998 0.2510360246 0.2523262515 0.2493232067 0.2540201653 0.2427602663 0.2656191193 0.2655858606 0.2353150581 0.2376538048 0.22099648 0.2441414032 0.2670517164 0.2877140803 0.2635773979 0.2817873291 0.2825886817 0.2841769449 0.2927736365 0.2838025483 0.2940743607 0.2932035149 0.2940743607 0.2909266933 0.2922417154 0.2938586891 0.2936294529
0.22376342 0.2526866937 0.2447599742 0.234119721 0.264365682 0.2523949564 0.2900806197 0.2919317109 0.2764955049 0.2940743607 0.2887378813 0.291662383 0.2880037442 0.2856703113 0.2687208247 0.270895127 0.273324639 0.2589382208 0.2825754021 0.2829150687 0.2818422941 0.279011564 0.2689630198 0.2548076734 0.2603077902 0.2441935692 0.2554276592 0.2496753225 0.2527528666 0.2494183702 0.2404472899 0.2680562952 0.2823155668 0.2502373026 0.2691054832 0.2490223584 0.2646966987 0.2850130231 0.2796208416 0.282167991 0.2850559796 0.2916893558 0.2840092433 0.293195151 0.281991085 0.2783361148 0.292711425 0.2929071473 0.293606802 0.2936077506 0.2936213657 0.2940743607
0.2276163323 0.1986788023 0.2192010892 0.2614222355 0.2703444334 0.2697995384 0.2666633843 0.2703071377 0.2762047173 0.2636371614 0.2932720594 0.287833344 0.29124694 0.2847786207 0.286068694 0.2879346175 0.2753093378 0.2901168071 0.2825145523 0.2823687162 0.2789725936 0.282171656 0.2715337621 0.2662777344 0.2375383277 0.228462031 0.2166093771 0.2015185422 0.2546812066 0.235013383 0.2581833425 0.2594940584 0.2627455679 0.285459481 0.2652228228 0.2657016561 0.2831221466 0.2921721899 0.2919349464 0.2903040875 0.2927063107 0.2902308373 0.2924757596 0.281248221 0.2709649554 0.2908933449 0.2913067815 0.2914178422 0.2926874781 0.2938329392 0.293380395 0.293592605
0.2317208271 0.2580711504 0.2228151802 0.2335885324 0.2666894677 0.2654556154 0.2181632609 0.2709722075 0.2522970667 0.2727142167 0.276019245 0.2884573655 0.2891544286 0.2881985691 0.2864645289 0.2878382181 0.2846006655 0.2862594289 0.2853732492 0.2726498327 0.2766549518 0.2719610855 0.2728921172 0.2538313978 0.2363663896 0.2391114553 0.2286404702 0.2292468246 0.1951568569 0.2464756212 0.2139490453 0.2786088637 0.2804433934 0.2642977927 0.2816277799 0.2791440135 0.2883058122 0.2872664949 0.2868721413 0.2861805481 0.2924089765 0.2928811393 0.2776058684 0.2731466077 0.2933224282 0.2908444243 0.2926336645 0.2909751299 0.2932415781 0.293624604 0.293835073 0.2940743607
0.2207299128 0.2001348454 0.232999468 0.19643053 0.2444603211 0.2400396229 0.2342118568 0.2304262887 0.2568851402 0.2694164325 0.2714065323 0.2883329714 0.289263173 0.2894160173 0.2851454 0.2844773419 0.2843626814 0.2869359496 0.2802582619 0.2763627238 0.2785481419 0.2722665855 0.2759851986 0.2764186152 0.2608764309 0.2409546831 0.2345848068 0.2442127099 0.2287166429 0.1963593416 0.2385458708 0.2651102367 0.2809660319 0.2753695368 0.2781877343 0.2784159056 0.2828402151 0.2833874732 0.2807827131 0.2858485671 0.2880474046 0.286905445 0.2830254313 0.2792696536 0.290720093 0.2918137154 0.2929605385 0.2922072372 0.2919497663 0.292960002 0.2940743607 0.2921805601
0.1886243557 0.1856143206 0.1975459712 0.1971775767 0.2044513499 0.2258321105 0.1996144228 0.2437834157 0.2474745791 0.2355736933 0.2908563102 0.2902521913 0.2848865148 0.2860926734 0.2847765603 0.2862488217 0.2893550075 0.2849489813 0.2823051529 0.2809674302 0.2792384263 0.2795474207 0.2811908457 0.2663503137 0.2697822084 0.2618303076 0.2538631268 0.2472175784 0.2441237996 0.1955468017 0.2413682951 0.2222835702 0.2794293893 0.2811847011 0.2754566418 0.2804459129 0.2808307723 0.2838379484 0.2784288675 0.2805654333 0.2855086874 0.2864195606 0.2881960163 0.2648123025 0.2798281801 0.2799049045 0.2797297359 0.2910434958 0.2918375627 0.2918382227 0.2923774732 0.292173275
0.1506435219 0.1864928061 0.1572996009 0.1710758784 0.20346694 0.2073041267 0.2455313468 0.2328110815 0.2326262917 0.2494614555 0.2649426693 0.2908131574 0.2880204121 0.2820738429 0.2797404393 0.2895115553 0.2874843229 0.2849535414 0.2898902227 0.2839607583 0.2804627411 0.2763075866 0.2808663751 0.2708904921 0.246534378 0.2701060728 0.2686085236 0.276604994 0.2282230039 0.2503082476 0.2372192612 0.2339521473 0.2361488504 0.277972176 0.2756120628 0.2755505887 0.2747516704 0.2746839363 0.2775834072 0.284640528 0.2809939132 0.2679763064 0.26523827 0.2746982313 0.2655602152 0.2733606107 0.2849627044 0.2884086121 0.2892442372 0.2920479044 0.291404897 0.2932475775
